15925
14685
14410
14258
14456
16580
16980
14562
17954
15905
17420
17683
14323
17282
16733
17073
15036
14095
16729
18331
15845
17526
16706
17866
17018
16770
16175
17439
15059
17967
17098
15518
17030
16441
17886
16193
14366
16102
16752
15929
18220
17328
17496
14921
15644
14923
18304
14680
17528
14551
14274
18127
15957
15156
14318
14560
14951
15354
15841
15273
14847
16024
14974
17815
15310
17546
18019
17511
15380
15903
14329
16353
18137
15896
16012
15904
15185
14311
17471
15487
14837
17286
17712
17665
14765
17505
16761
15947
15968
18301
16326
14216
14791
14255
17277
17772
16866
14789
15746
15627
14972
14558
14993
17518
17299
17627
17367
16393
14490
15193
17902
17693
17822
17036
15122
14665
17393
17727
17485
14164
15015
16763
18001
17470
16116
16964
14800
15601
17126
18152
16121
16163
16386
15263
15214
16979
17320
15279
17514
15171
14230
18306
15413
15196
16802
15678
14776
15813
16141
16968
17222
16720
18076
18335
16579
17143
15212
14475
15484
18264
17920
15352
14507
16713
18338
16343
16166
16014
18315
17632
14936
14626
17400
15603
16065
14651
16617
15682
16297
15424
15343
15853
14212
16054
14722
17897
16570
17720
15133
18048
18196
16926
17631
14930
17933
16675
14100
16702
14498
15287
14295
16020
14628
18032
16920
15454
17263
18098
18293
14439
16114
16619
15865
16623
15527
14559
17337
16840
14245
16171
16233
16591
16493
14612
15893
16443
16856
15982
17552
15054
15142
14380
16995
14829
15747
14749
17392
15246
17602
17642
15331
15668
16545
17744
16751
14959
15741
14602
17930
15407
16232
17700
14605
15694
17119
15305
17705
14526
14237
16231
14821
16406
15068
15909
15942
14727
16413
15766
16516
15090
17200
17169
14550
15197
15963
17840
17773
16210
14576
14859
16542
14785
16588
17780
17398
15165
14525
15406
14485
16206
15010
16828
18160
15944
16251
14944
18202
16395
15795
17246
14106
17748
15450
15789
15127
17251
18302
17899
16222
14133
16996
17242
17395
16832
15615
14768
15622
15040
14208
15752
17849
15178
15530
15007
15641
14233
14538
14684
14994
17547
14539
16039
14732
16445
15931
14194
14450
16453
16491
18224
14908
16955
18265
14235
17166
15284
17802
17834
14269
15403
14702
14361
16288
16812
17695
14752
14989
15307
18021
18010
14594
15338
16982
16750
16217
15465
16339
15549
18297
15268
17280
16085
15564
16607
16655
17922
14118
15027
17616
14631
15630
14517
16991
14204
14676
17083
16471
16058
16855
14938
14419
16681
16724
14725
14377
18225
16237
15089
14799
18171
17160
14353
14814
14471
16738
14666
15551
16218
14134
17104
17878
17787
16158
14694
16398
17979
16011
14453
14150
14170
15275
18143
17318
16894
18323
15260
15590
16448
17747
17860
14434
15822
14988
16259
16958
17350
16784
17047
14381
17023
15434
16149
16931
15531
17002
17701
15327
15674
18212
16309
17114
17741
14834
18074
16873
18283
14357
17158
17142
17569
15775
17437
15153
17691
16772
15840
18210
14649
14219
15349
17583
16574
14284
16485
14516
17451
18005
16363
17806
14519
17262
15291
15345
16097
17763
16737
16984
15596
15100
17675
15139
16104
15575
16050
14282
18321
14803
16596
14250
16815
14326
15566
14096
14480
14816
16825
14135
17321
14788
16332
15330
17013
17718
14254
16889
15304
17876
14670
15740
17063
15707
16703
15907
16590
14632
14914
16153
16514
15658
16900
14613
15441
17854
15419
16551
17127
15416
17566
16781
16187
17540
16850
14585
14541
14346
16311
16425
14767
16896
18340
17060
16726
17376
15805
15920
14101
14669
16489
17270
14723
18317
14762
15023
17911
14681
17587
15329
14742
14225
15272
16807
17590
15599
16003
14146
15418
15399
15554
18239
14640
17357
14689
17529
18060
18041
17580
16521
15382
14611
15081
18242
17995
16685
15184
17608
15451
15257
17402
17342
15202
16626
17770
14741
17091
17447
15493
15705
14459
17469
15593
14462
14868
16515
14618
16134
15233
16078
14567
15683
14119
15359
14140
14745
14226
14285
17097
14712
16990
16025
17489
16801
14860
15499
15172
17338
16739
15991
16203
17919
17980
15116
14675
15899
16610
16415
16399
14206
17882
16601
15453
15826
16468
16435
17892
14606
17567
14257
17340
14903
15131
16101
17623
17430
15780
16204
16882
17187
15078
16978
16208
17092
16624
17885
16436
14201
16502
16439
17303
17651
16197
16907
16225
15891
18341
17152
15796
15041
16823
15314
18039
16385
17233
16140
14853
14425
17042
17790
15087
14457
17544
16614
16678
14942
18252
15230
18036
15158
14579
14810
17192
15166
17646
14715
14637
16304
17586
17238
14266
14099
16099
18017
16848
17595
17804
18330
17975
17212
16998
17379
14609
17432
14224
15110
15773
16775
17365
16081
14910
16634
14596
15363
17891
16490
15252
17516
15476
18089
15600
15240
17673
15541
15677
16125
17319
15481
18203
15560
17146
16265
17843
17216
17444
18112
17031
15048
17055
17837
14758
16635
18116
15169
17150
17227
18146
14108
16130
15812
17940
17103
17081
14244
14793
17783
15743
17190
15928
15943
17890
18231
16849
16546
14240
16757
16719
17323
17258
14105
17735
14276
16283
14969
15538
15833
17618
14153
16517
14432
17957
16670
16298
15844
14466
17312
14359
15288
14394
17207
16421
15852
17561
16409
18290
18168
15389
14932
16161
14977
16999
15479
17330
14107
17781
15697
15437
15151
16892
15376
15728
15583
17846
17476
16213
17599
17001
15208
17997
16957
16262
15500
15164
14451
16361
17847
17174
14819
14248
14468
17442
16460
16117
17172
14630
16096
16885
17464
14097
17881
17551
15735
16205
15837
16732
16697
17775
16364
14569
15513
14162
17029
14692
15303
14534
15186
15276
16258
17831
14486
15836
18086
17690
14677
14472
15147
17678
17865
15862
14327
16494
17382
16642
14693
17625
17005
16009
15869
15408
17782
16172
18237
17436
17581
16861
15008
14192
17639
16376
15767
14527
15084
15073
17069
18044
15160
14937
14797
15718
15902
15143
14703
14315
14514
14384
17863
17818
18211
16787
16344
15446
17809
16423
14217
15801
17948
17904
17757
15722
14102
15102
15979
14624
15761
15455
15022
14356
14967
16618
14916
17872
16306
15470
14934
15976
14388
17168
18339
16186
18300
17835
16854
15704
15490
16975
16221
17163
15619
17604
17331
18345
14094
14332
16071
16918
16537
14714
17099
18260
14116
15502
16735
14395
17817
17164
14163
14231
14751
17801
15570
15016
16519
17252
17500
16373
14907
15062
14946
14976
15855
14186
14945
15871
17601
14909
15882
15384
14894
17283
18038
16817
16822
15393
16620
16292
14368
15030
18294
18176
16561
17378
16582
17758
15173
14349
17455
15071
17178
15798
18238
17446
17852
17798
17403
16950
16086
16107
15162
14869
14261
16597
15690
14251
14698
16786
17868
17710
14835
17853
17077
15033
17064
17448
17928
15956
14246
15994
17750
18096
15335
16017
14422
15043
16041
17431
14648
14098
15320
17808
18092
15135
18215
16637
15526
18197
18221
16859
17941
17466
17614
15913
17589
15719
17674
17825
17019
14328
16891
17181
15910
15637
17101
17208
18206
18192
14886
14238
16879
14761
15461
17484
17503
17907
16581
18288
16640
14998
17752
15962
16027
16653
18194
14904
14883
16553
15028
17908
15924
14933
17180
16648
16305
17993
14288
14319
16538
17095
17826
17477
17363
14122
17715
15285
14149
16908
16835
14304
15296
17926
17869
16938
14644
16346
14804
17985
14147
15096
16605
15101
17506
15300
16261
15383
17244
17343
15130
15423
16188
15373
14511
16128
17086
16269
16704
18217
14385
15783
17224
16636
17057
17728
17235
17128
14888
15095
14941
16756
17450
15175
14132
17989
14320
14807
16794
17600
15258
17682
15582
17615
15561
18178
14137
15908
15662
17408
15843
15159
16627
16925
18030
15820
15633
14312
15672
14113
16266
16479
16769
14370
17684
14299
14764
17792
17443
16365
17669
16040
14203
14561
15887
14730
15532
16335
15097
15350
14588
17522
15922
17298
14297
16547
18164
15371
15154
18201
18320
18109
15709
17978
15854
18028
17156
17332
15594
16949
15128
15818
15425
17336
18271
14227
16066
16177
14705
17371
15411
16921
17858
17204
16504
17786
16137
17346
14935
14355
17585
17234
16442
15654
15436
16679
15281
16495
16472
14393
16119
18337
16754
14154
15985
16741
14566
15847
14805
14341
17314
15504
14350
17035
15648
17537
14302
16060
18284
17832
14179
18103
14440
17653
17217
17434
15689
18193
15628
15916
17247
17458
14726
15823
16396
17657
17811
15785
16328
17154
17549
16147
15952
15838
17824
16023
14960
17630
17621
18195
14881
17812
14552
15334
16498
15895
16906
15497
14375
16834
18181
15539
15510
14207
15988
17106
16209
14647
15609
15191
16240
16562
14305
16520
18133
17225
16228
18093
17579
15543
17688
15732
15245
14737
16668
14195
15274
16312
17859
15388
15829
16422
17733
15980
16797
17479
17288
14127
14735
17218
15082
17313
15199
14178
18263
17737
14852
18310
17334
16656
14724
16911
17304
14699
17513
18119
16400
14659
17390
14563
15655
14169
16903
18077
15782
14296
15309
18123
17490
14173
16568
14223
14344
14259
14483
17769
17413
15266
16773
15828
17388
17785
14900
17355
18165
16069
14879
17416
14175
14919
14553
15367
14316
15237
17462
17223
16530
15663
16394
16821
17536
17231
15256
14252
15440
16860
14117
15018
17501
15559
15553
16351
17066
18228
17175
17559
15034
14621
14673
17276
17435
14962
15207
17981
16895
16600
17125
17768
16145
15759
15222
14939
15322
14398
16151
14142
16743
15321
17132
16755
16788
17454
17399
14806
16264
17308
14812
14820
16382
15533
16072
16148
17041
17483
17984
16036
14708
16301
15714
15086
17032
15927
14671
17654
14321
17414
17855
17239
14177
15511
15129
15606
16742
16236
17977
15029
15806
17139
17186
17268
15857
16534
18248
17009
16271
16199
16185
17240
18246
17198
17800
16429
15645
15571
16129
14663
15749
18082
16008
17310
16084
14408
17033
14129
16127
14442
17839
15488
16924
16243
14196
17958
16616
17387
15534
15431
14452
15614
14825
17131
15717
15933
17082
14401
16936
14532
15846
18145
16287
18162
15793
14378
15576
17248
15572
15391
17729
17221
17411
18011
14620
14412
17742
15132
16734
14229
15757
15870
14794
15535
18065
16465
14136
14912
16322
17819
14536
18094
14157
14682
14674
14489
14198
17726
17028
16192
14354
14986
14871
15341
18279
16554
17934
17266
15003
14205
16748
16712
14111
18326
17797
14599
16307
17875
15831
15179
15458
14324
18059
17203
14317
17645
14484
16090
16420
16558
14955
15299
17644
16809
18235
15591
14465
16767
15498
16278
15074
15019
16451
15430
14911
16842
14796
14455
16055
15508
14729
15876
15088
16953
16230
15646
14746
16963
16796
14279
18022
15715
15756
17554
15113
17401
14866
17648
16611
15602
16379
16669
14849
16310
14922
15174
14141
16005
15204
14854
17241
16416
16609
15107
14884
16710
15999
15401
17481
17749
15009
14151
16919
17913
17667
18095
14218
14460
18114
18287
15464
15066
17107
16508
16888
16238
16431
14851
14426
15934
18180
16599
16997
17917
18253
14281
15821
16901
15771
18081
15319
17194
17339
15680
17197
14429
14636
16484
15528
14691
15503
15370
16884
16646
17986
14399
16296
15515
15428
15112
17147
15264
14679
15894
14104
15563
15617
16272
15356
17261
16064
15695
17067
15569
14548
15463
18309
15879
17058
17115
16377
17789
15236
17423
14754
15439
16633
17007
15698
15693
15421
15738
15255
16915
15194
17322
16745
16275
14437
18327
15124
16839
14351
18151
14181
15277
17991
15340
16602
15447
14927
18261
17739
15640
17963
17232
17591
14867
15106
17348
15763
14759
17449
15712
17284
15489
14831
16253
15730
17465
17777
17661
16749
16929
18255
17362
16319
15667
17771
15265
18216
17844
17624
15964
16851
15365
17352
16244
17144
17185
15604
15597
16518
14716
15770
16674
15216
14174
16671
16337
17486
15333
14482
15881
16467
16308
17199
17468
17605
16771
15317
16126
15647
17807
16350
16356
16142
16492
16524
16452
16045
15449
14773
16868
14574
16473
15610
17046
16458
15121
16910
17094
15372
15170
16087
15589
15784
17901
14491
16934
16314
15737
14533
18233
16559
14887
18113
15486
16150
15830
15326
18299
16338
15897
18046
16212
14839
16932
17588
15155
15259
15716
16810
17864
16486
17731
18200
15967
14763
17680
16917
15950
15764
14190
17548
17912
17635
17214
14798
18218
14643
17987
15482
16067
17598
17927
15577
17253
16584
17641
15064
16390
16971
14260
18023
17970
17929
16651
15311
18108
15280
15676
15292
17628
18085
16731
16325
16267
16315
18185
18190
16254
17426
16867
18256
14858
17606
15555
16235
17236
18230
14848
16727
16657
17827
14300
15634
14645
16247
15052
18167
15353
15507
15094
17541
16556
15618
17292
14840
15901
14286
15932
17473
14275
14845
17384
14494
16718
16506
18012
14515
17324
15020
17093
15001
15607
15328
16631
15111
14917
16173
17153
16277
18254
16621
17939
17597
15448
17138
17015
14220
16246
17755
17898
16987
15659
18007
15800
18006
16463
15623
17964
16457
15880
18208
15108
17433
17211
14614
15308
14657
14928
18008
15242
15183
17316
17531
18050
17666
16566
17406
14744
16164
17422
15787
14891
16411
15397
14662
18024
15734
14601
14983
14184
14999
17603
15278
16970
16103
16371
17638
17887
17734
15011
18269
15996
17543
16074
16013
15187
14543
15026
14413
17796
17629
15348
17256
16645
17326
17745
14264
17896
17278
16976
17394
15803
17880
14555
16698
16707
17507
14707
15993
15117
17123
17179
17452
16870
14467
15289
17732
14386
16535
16404
18277
17459
17206
15435
14493
17061
16426
14966
15485
15402
14396
15706
14389
18286
15814
14139
17421
18102
14123
15119
17721
16940
16606
17463
17571
17010
16944
17921
16165
17707
16904
14597
18115
17681
14968
16459
17341
15966
16144
14896
17508
14400
18057
14639
14584
14978
14542
18079
15673
18147
17696
18142
14280
15919
15727
15080
15710
17694
14189
14780
16874
17151
16434
14347
17652
15748
16983
14247
15616
14481
14801
16905
16430
15611
14629
17613
17219
16531
17075
18106
16407
16031
16759
15325
15244
16560
15012
15477
17557
17960
18027
17925
17065
14504
17714
16522
17409
14878
16725
15505
15427
16777
16747
14185
17895
18157
14747
14176
17410
18276
14607
16047
17619
15731
15109
17649
16536
16862
14126
17196
15387
16841
14199
14236
17273
14518
14660
16567
18069
18259
17249
16111
16132
16830
16075
16299
17692
14547
17419
17810
16419
16708
17848
18049
14143
14975
15462
15918
15053
16456
16780
14128
17044
16966
16374
18138
16676
16691
15414
14336
14529
17829
17663
16844
14409
18333
15313
17118
18332
14696
16057
18107
16405
17265
16227
16722
18241
14783
15825
16483
14615
14447
14531
16622
16529
14979
16257
15987
18153
17474
17767
18120
14833
14809
14509
14253
17637
16089
16533
16760
15666
16814
16779
17722
15342
15873
17838
14372
15125
16684
14931
16391
15781
14114
14965
15141
15878
15856
14633
17079
15906
16035
15536
14953
17562
18249
17992
14842
15703
18066
16169
15067
18009
16290
14728
14191
17157
14221
16021
15051
15253
16347
14438
15568
16667
15889
14271
17173
14893
15075
17025
18191
16688
14343
15182
15936
17943
16965
17888
14197
17766
15768
18291
17814
14943
15149
17088
15241
14947
17290
17774
18067
15792
17006
16803
16327
18073
16672
17059
16200
14603
14496
14709
17171
14546
14209
15105
17611
14950
14379
17636
18004
14756
17499
17377
17345
14600
16959
18000
16375
15138
14593
14658
15951
15315
16992
15306
18307
14970
16122
14995
15032
16954
14367
17525
17945
18289
17909
17385
16482
17329
17578
14272
15997
17300
15621
16836
16523
18278
16864
17305
16758
15098
14307
14544
17228
14877
16875
18047
17743
17076
14557
17524
16858
15866
18068
14575
14262
14571
15598
14234
14415
18129
16550
15620
17017
15506
18280
14591
14479
17291
16282
15892
14823
15629
16806
18244
14862
17134
16680
18058
16268
16682
16865
17719
14202
14813
14577
16016
15639
14634
14156
14523
16612
14661
18037
15218
18121
15624
15137
16869
14604
14828
16037
16250
14697
15076
14524
15021
15065
17124
16256
16589
15557
14870
17877
14857
16487
18267
15670
17857
17903
17533
14985
18136
15860
15136
15061
16092
16098
14530
14290
14704
14956
14110
16608
15660
16501
16052
16843
15713
15176
16004
15189
16857
17110
15115
15739
15877
14263
16334
17188
16094
16847
17167
16650
18272
14256
17532
17738
14778
16381
16444
15675
16509
15374
15006
18166
17856
16753
16270
15661
16417
16320
17360
17697
18029
14901
16049
14445
16481
16497
15656
17617
15635
16766
15520
17296
14668
14159
17803
15777
15324
17874
15724
17141
16660
15092
17289
16728
16139
16143
15114
16774
16686
17369
17936
14792
18257
15198
17502
15364
15971
17191
17084
15529
15736
16615
17487
18104
14325
16061
15649
17607
15827
16260
16042
17441
17493
15960
16613
14301
17698
15269
16649
16059
18130
17594
18097
17593
16179
17971
15587
17900
16532
15969
14360
15282
16643
16930
14477
14158
15355
15930
17685
17842
15776
14214
16583
17751
15550
17260
15206
14497
16403
14131
17090
16563
16194
17805
16010
14721
17045
16480
14241
14115
16625
17658
16063
15711
16196
17498
17534
17717
16068
15797
17672
15888
17947
15469
18314
14678
15483
15495
16449
18031
18014
18134
14166
17951
14766
16273
16652
17397
17068
14348
18313
15060
15760
17870
15523
14641
17275
18118
14905
18063
16414
15398
17577
14125
14736
14964
15995
18329
14982
15758
17344
17243
14339
14308
16095
15819
14664
18052
15989
17269
18078
17568
17056
17656
15872
14836
14470
17956
16603
16368
17784
17762
17966
15250
17391
16541
16723
16195
18105
17453
15696
17905
15150
15013
15874
15810
17923
16461
14899
16689
17417
17111
14926
16893
15316
16170
17011
17754
14420
17491
15368
16587
17795
17612
14992
17415
17176
16018
14683
15118
16499
17709
16038
16002
17564
15492
16255
17918
16586
15699
16845
14996
17753
14580
16366
16469
14417
17043
14337
17356
15681
14774
15584
15058
16091
18135
16006
17894
14112
17677
17893
17306
16001
16693
16300
15745
18043
14382
14687
16216
14843
16820
17136
16639
15974
16555
17349
17791
15516
17274
15298
16577
18062
14775
16816
16030
15769
17647
17974
16993
14292
14513
15221
17488
16372
15519
15612
15914
16007
18150
18139
15215
16793
17309
15585
18311
16342
18342
14961
16694
14578
17062
16740
16324
14913
17794
17482
15983
14875
16100
14342
16178
17687
17609
14340
16527
17850
17596
16034
15480
17375
14627
16245
17287
17542
17182
17122
16628
16512
14402
15211
15438
14650
17113
16804
17302
14940
16690
17071
15586
15592
17311
15031
15547
17527
17942
18262
14335
14148
16476
14918
17740
18101
14963
16736
18040
18128
16280
16571
14120
17424
17704
15039
15900
14313
16872
17297
14289
15297
16317
15357
14619
14568
14406
16392
16549
16181
18214
17038
16093
14418
17359
14895
16223
15861
17861
15522
15378
16883
16464
16942
15050
16124
16877
16989
16799
17867
15986
15293
15134
16595
16380
17932
16800
15636
17931
18281
17189
15126
18170
17793
18088
18161
15392
15946
16557
16604
15069
17799
16162
15290
14824
17116
15210
16220
16028
16215
14167
17610
16462
17570
17135
17335
16986
18250
14920
16056
16384
14952
18091
16362
15234
17988
14200
17024
14984
15457
15190
18163
14954
16795
17659
15420
18071
16717
15774
17220
17504
17779
14581
17702
17361
17049
17776
14187
15562
15664
14424
14449
17317
18087
17521
15229
16730
14589
16323
18183
17953
16776
18034
17456
17553
14815
17973
14880
17133
18322
14545
14124
16947
15475
14872
16977
18308
15984
17380
15056
15579
17523
15332
17120
15145
17100
16291
17358
17969
16026
18003
15070
14690
16961
15072
15859
15581
16428
15657
16336
17592
18042
16985
16962
17823
16945
16432
18124
18319
17461
18251
16388
17512
14488
16525
16663
17440
15302
14608
15779
16281
16412
16160
16198
16152
17916
17535
17962
16826
18222
14981
16156
15381
18312
17622
14540
15390
15915
18055
18207
15786
14864
16528
15140
14363
18273
14733
15047
15772
16692
14345
14573
15452
14433
17130
15573
18184
15223
15224
15544
17051
17213
16951
15225
15396
16146
14242
15177
14267
16189
16106
17555
14500
16219
16176
14855
16837
17708
17935
14750
16321
15921
18343
17830
15850
15970
15152
16022
14739
16088
14795
14653
15301
16928
16572
15188
16167
14291
18186
17556
17264
14478
17020
14808
15863
15720
17736
17699
17301
17230
15294
14861
15851
17924
15213
14431
14428
18346
18204
14183
16510
15923
17519
15898
14469
18159
18013
14701
15807
17457
15445
16853
16367
14365
16593
17145
15295
17295
16592
16833
16768
18198
14695
15578
14610
14414
15890
16330
17281
14314
14889
14283
15514
14753
16369
14145
15558
14865
15360
14656
14215
16846
17129
18199
16909
14294
17427
15091
16294
16972
18132
17703
14841
15035
14407
16876
15232
15545
15858
14642
16941
15809
16871
17906
15362
14103
17027
16211
16948
14505
15323
15688
16664
17183
16123
15346
14268
17193
17364
16715
17494
16357
15103
15940
16076
15671
15000
14369
17085
14322
16239
15144
14781
18295
14333
14838
14655
17407
14863
17333
17404
14391
15875
14777
15864
17915
18158
16880
18070
18122
16654
17660
17405
17250
16641
18126
15055
15509
16207
16345
14473
17374
15379
16348
16716
15336
14827
16539
18325
16446
16902
14743
18083
15834
17184
16138
15935
17383
15948
15456
16967
14782
14232
18064
15369
17072
14374
16898
14779
16044
17965
17210
18173
15002
17879
16666
16079
15832
15626
15410
16242
14492
15146
17366
14787
17643
18236
15375
14874
15405
14958
17021
18274
15653
16470
15817
16638
17022
16585
16829
17170
17716
17460
16981
14508
16943
15867
17671
15565
16863
15651
17724
17325
15286
14784
17664
17165
17381
15200
14622
14818
16813
17756
15385
15120
15665
17105
16700
16450
15148
16184
17467
14352
17267
14499
18131
14392
17347
15953
15351
14476
18240
15459
14521
18149
17982
17841
17396
15417
15959
16466
17117
17353
18245
14882
16946
14757
15965
14617
14898
17026
17959
14719
14362
15631
14464
15099
15912
16331
15412
16226
17429
18247
14587
17412
14404
18053
15556
15005
15762
16912
14138
16080
16782
15733
16241
18056
14155
16191
16496
14210
16629
17492
17761
18305
14306
14461
15024
17053
16897
17764
18054
15361
18243
15540
17271
18025
15679
18209
14592
15791
14535
15358
17327
17148
17037
16159
16552
16500
16427
16475
15443
14278
17294
14885
15163
16578
15400
16994
15638
17480
16155
14298
17070
17108
17862
16276
15217
15312
15652
17765
15512
16819
14570
14755
17686
14672
18258
17478
14182
17996
17634
18172
16575
14387
16402
14957
15220
16131
17177
14510
16341
17202
14625
15444
15337
18229
15460
16565
17149
17746
16805
16886
17640
15339
17040
17386
18187
14667
14463
14646
15686
14416
15248
16073
15702
15808
16183
14790
14876
15366
15552
15168
14331
18156
15824
17497
15669
14376
16033
17215
16526
14902
15605
17509
15517
18175
14915
16032
14243
17999
15981
18061
17994
16387
18051
17428
16594
14446
14948
17961
15978
16313
14616
16182
15167
15917
16303
17109
18336
16437
17871
15975
14495
16316
16438
15990
15588
16383
14430
15765
15261
14421
14844
15085
18140
15057
16401
16973
14338
15939
14717
18292
16808
15468
16389
16937
16662
14564
16673
14458
16511
16988
17000
15613
18072
16792
15467
15494
15755
16285
14188
16923
14770
17445
14892
16048
16113
14165
16454
15377
15595
16329
17307
16447
17052
16798
18285
15954
16082
15883
18232
17004
17096
15926
15205
16248
16764
14171
15937
16677
16630
16695
17889
17821
18219
16952
16274
15729
14832
16360
16358
17778
15238
16110
16263
14582
18090
15093
18035
14925
15721
16105
15685
18026
17121
17102
15842
14549
15625
14748
15251
15580
16927
15574
14448
15790
14161
14554
15045
17670
18275
16474
14635
14180
16852
15415
16811
14502
17209
14980
15650
18316
16370
14556
17293
16201
18117
17950
15409
18213
16174
15799
18223
16224
14731
17563
18324
17816
14537
16229
17538
14688
17582
15271
15474
17245
18141
15977
14830
16548
17937
17205
16540
15318
16969
15395
17949
14144
14971
18018
15472
14769
17016
17972
14390
17914
16916
14738
15751
17089
16922
15521
15344
14522
15235
17760
16935
15466
17161
14706
16488
16234
16109
15753
14444
15794
15868
17370
16359
14846
14710
17517
15700
16133
17054
17530
18016
18144
18282
15537
17285
17550
18189
17279
17368
16378
18344
17074
18205
17162
16544
17014
14474
15083
16295
14427
17495
16477
18111
14397
16683
16029
15632
16249
15941
15848
16440
15496
16279
14436
17034
15701
18020
17626
14528
17575
16333
17828
16699
15992
16410
18002
18266
17050
14598
14638
16598
14501
17730
15429
15849
17998
15180
15501
17351
16705
18015
16112
14929
15473
18084
18188
17373
17968
14121
16890
18148
15247
15955
14423
15432
16136
17475
18177
14786
14811
18080
15226
15911
15961
16154
17676
14405
16785
14652
15079
17520
14822
16355
15239
16658
18303
18169
15042
16709
17990
14873
15267
14193
16564
15802
15161
14595
16157
15404
15754
15723
14906
17539
17725
15642
16349
14249
15195
15044
15884
17713
17008
17955
16956
18045
14411
16714
17884
16418
15542
14334
15546
17620
15219
16115
16000
16284
15077
14441
17237
14109
15692
16569
17668
15949
16661
15815
17257
16765
15811
14265
17560
16644
16632
15788
16791
15608
15049
15426
18334
16190
14586
17910
14990
16289
16397
15839
16659
15037
18268
14740
17572
14802
14997
15567
15742
14897
15778
15017
17689
15014
16665
16721
16302
17946
18110
14383
15478
14850
17080
16424
14817
17140
15945
16933
15524
17195
16051
15548
14130
17706
16043
16053
14734
18296
15691
17078
15192
14273
15750
15249
17711
15471
17584
16778
17938
17723
14435
18226
16286
16783
17833
15687
18100
16790
15744
14987
14760
16180
18099
16202
15283
16340
17259
16960
15347
17558
17883
14373
15708
16576
15270
14358
17633
16118
15422
15228
15525
17845
15046
14718
18234
14565
16647
15181
17012
15063
14309
14310
16478
14623
16455
16168
18033
15433
14713
14364
14700
14160
16083
17159
15201
14654
16974
15104
15386
15726
17788
14856
16120
17820
17813
16838
15491
14222
14973
15643
16878
15886
17976
14520
17229
17048
17662
15684
18179
17226
14506
15243
17573
17137
17576
16818
17679
15203
14720
15123
16318
17759
16019
17087
15725
15231
18174
16711
14277
18318
14172
15958
16746
14239
14454
15254
14771
16913
17112
15025
16015
16573
17425
14686
16214
16070
15816
18125
14211
14583
15004
14152
16696
16543
17372
15227
17650
14512
16503
14330
16899
16433
16135
15157
16744
17418
14991
16062
17983
14403
15885
17389
17201
16077
18154
16293
15038
18328
17255
14371
17510
17272
15804
14949
14293
14590
18182
15442
14168
18270
17039
15209
16939
17952
16687
17354
17003
16789
16914
14228
17155
14503
17438
14890
16252
14772
15998
14287
16352
18227
14303
16887
17655
18298
16827
16354
16505
15394
17836
17851
16408
16831
16513
15972
18155
14572
15938
17944
14487
16762
17873
14270
17472
14826
15835
17565
16046
14924
14443
17545
16701
18075
16507
16824
17515
14711
17315
17254
16108
17574
15973
16881
15262
14213
