771
7608
9067
11978
5007
9157
11883
9455
11665
12341
2823
4943
3133
4207
7113
13126
2982
2871
13463
10309
7268
13026
3675
6828
1589
3932
7470
3789
9098
9237
851
4051
12602
871
2387
5730
2975
6859
1188
11734
6805
10934
343
13197
12272
3866
8649
9376
7989
9248
863
3273
2036
11543
10938
10377
3729
12028
1138
2420
5159
11424
8888
7655
11567
12792
11723
12882
8073
8976
236
10624
10070
8232
12708
9995
12485
3461
10337
13058
10406
1579
3055
11371
2724
4944
6085
8519
7969
5572
969
14084
4715
510
4657
7852
2492
2078
1384
12606
4712
6404
12818
1115
7413
7848
11044
3748
5011
2640
725
13843
6432
6402
5432
424
1823
7887
12211
450
10614
1624
12996
953
11098
10602
5719
5425
11130
3713
3917
10755
8147
3355
7272
10786
9888
8276
13164
5850
4569
9404
2939
1815
4421
9924
2417
3989
2541
12040
4721
4596
7439
3185
8557
13950
1638
10290
7323
5674
7999
8800
2439
372
5519
3013
7580
12344
12571
7619
6491
10896
337
3963
13518
985
606
8348
6224
5271
8958
10060
2326
13693
9827
13387
9238
414
5088
5651
12830
2676
1297
6580
13384
13143
4639
452
12224
2690
12939
223
13636
8686
13087
2171
6007
10504
13954
6740
5634
10704
3384
9605
7202
5910
6101
12492
13090
11844
3549
13263
5262
10965
7553
3719
315
2276
5273
1645
1660
2603
7890
3991
1861
6949
7970
2156
1618
2105
11304
4186
3862
11976
5905
12741
5798
12366
5960
2658
4179
107
6178
4058
10222
13814
4346
5465
10425
48
13191
4985
4229
9497
6340
8278
7867
254
6514
9868
9142
7837
5688
8753
4854
13964
6055
4797
5977
5749
8741
11539
5374
13287
4650
10144
10159
4441
8177
5675
8975
4283
9220
13974
2196
6291
7179
6988
9981
6377
10206
5450
2195
8792
8579
958
10684
2900
2906
7364
4658
811
9572
9025
4215
6855
9909
4069
6385
11292
1913
11392
3161
8190
11949
8891
6481
10364
3275
4517
3534
1275
12523
10018
11494
1676
10513
9103
4110
13186
10108
4964
9032
2498
5897
6483
11738
9061
1830
11651
4637
11282
3172
11503
2913
6866
9753
10555
4383
9346
4134
7851
3823
4837
1114
13245
6790
12346
6346
4148
14081
5830
435
7900
13569
6827
13410
10617
10612
10456
8175
11497
9417
9745
2085
12798
3892
10312
6793
6974
11994
2239
9546
6713
10839
2940
4997
12907
13425
5052
7472
2847
13517
10099
12511
656
6015
5099
9328
12626
8872
12009
12711
13496
13706
2697
1671
4678
5438
7295
13910
5529
9069
9959
4525
8926
7005
4954
10100
12558
134
434
7704
9990
6334
3888
5524
13645
4638
7287
5496
1309
2174
12124
12081
10605
5659
2836
7256
6121
4199
10705
10577
757
12867
5876
12589
2776
10173
7545
1859
6838
711
370
4032
8783
13239
2813
277
1578
4142
45
4061
11067
1319
2556
12343
943
264
3893
783
1637
3304
4758
13674
9492
1035
8750
4986
8697
5703
3826
7952
12733
8483
6604
1534
6185
5420
10466
3707
6624
934
4220
8178
5806
7663
2886
11521
1581
1141
9092
7370
8735
13857
6049
3097
9141
4211
2165
13725
13750
6490
12808
8721
1422
10398
2305
7303
2191
678
8365
3614
2431
6860
11889
13850
6018
2553
3375
3805
4360
10622
8008
2911
6165
6369
3949
11318
11936
10572
11140
4225
13050
5592
13006
318
8744
1837
8537
2617
4165
1905
8607
151
12772
9303
13600
5619
5101
1317
10919
8048
3600
1672
13615
4033
4209
3426
9828
3070
1429
7496
6561
1545
10893
12793
5098
8059
2355
9400
7635
2924
5376
9943
7296
5695
9218
13746
10827
7348
10102
6292
12032
1003
268
3175
12771
7980
2145
97
739
7754
10371
2781
11696
195
7313
7019
1094
3662
3897
6003
2421
9273
6704
7825
4761
6398
3321
4189
7940
12562
5250
2530
8761
2294
2659
12207
8978
10293
6422
10382
12441
9565
10389
8715
4496
13689
9889
1963
13558
12569
9797
10242
4279
11779
5993
12468
1242
4593
12960
482
36
13897
12490
13086
11075
5914
12534
10606
10162
11617
7371
554
6328
11533
7367
10452
9635
3921
12984
13560
13880
8673
4005
12283
246
1479
1995
4176
11912
13414
10328
11186
6423
2601
443
11711
11411
13588
13745
652
4867
6925
600
3742
8521
11035
13092
3256
4444
4508
1516
8369
68
3142
10443
13212
9159
1628
1951
11459
2349
9316
9165
6808
4753
12831
10922
8506
354
9720
12247
3115
2231
8923
13534
2638
10375
9595
7155
4621
2935
11513
10240
4559
1503
9374
13740
912
11589
11624
9434
8943
4262
12016
5205
9414
6659
10753
1595
2226
7141
298
8051
9399
1909
7218
3915
6841
2988
6335
12261
8947
7236
7103
2719
7206
8078
777
3134
3054
10489
11756
8165
10636
8131
8419
8309
11526
6063
12199
7535
8464
10032
12564
1353
12105
1167
5877
6056
7532
1236
8469
8070
4962
10483
13465
11894
4891
3740
10702
11224
4208
13393
4222
11740
4744
9070
8754
1079
10343
10276
8363
12355
4449
6691
5347
8994
5292
10336
3758
10133
9390
901
11358
295
13121
1358
1805
11501
3131
12660
1582
10185
10768
7660
13360
2546
3876
13659
5492
5949
5751
204
13984
9274
9648
8099
8319
7401
306
689
12256
9614
6886
2611
8863
10210
12281
12765
2597
3711
11807
10323
3482
7131
5515
3035
7132
2463
4601
5575
6349
5200
4172
11681
8806
11896
11553
171
11745
13328
2454
10085
12500
4595
10320
1409
12841
9001
10534
12488
7264
12192
3216
9482
7850
4710
763
5196
789
10046
8878
8049
13508
917
9419
796
12031
8984
5166
4813
1511
10652
13140
156
11037
5579
2403
10692
5879
12852
672
7090
3438
9068
12506
13524
12863
1438
6277
6537
4549
12022
6738
1614
12222
4708
13437
8604
9952
2529
8220
4098
9384
4759
8847
1918
3071
702
11265
4295
10902
13042
9472
2801
6992
6070
6529
12232
13731
2113
13901
6520
686
12004
12154
4489
3243
7762
794
11333
365
6758
11663
9652
4230
3149
10793
9052
6559
12157
3848
10120
10095
10205
10585
750
3964
7544
2450
10696
13200
7699
1404
7611
4351
10851
408
7550
992
9423
9804
8542
13467
11058
1977
8250
10033
11409
7945
13381
4654
3603
3619
3907
6672
1282
7766
1485
8420
9660
1069
6446
618
9486
9974
3297
7394
4763
2418
5526
9676
7941
2272
5727
9160
12845
8707
12333
6901
1014
5071
6622
8865
11849
8391
8035
4403
5319
10862
192
9658
10574
10773
13924
2241
8126
7353
2616
13447
2985
6002
843
5596
3369
11296
1396
10415
1342
1661
11412
11246
6378
10055
4646
11535
2637
13377
3741
441
8966
1691
1440
8133
2523
3371
11838
11276
3943
12664
6639
9257
707
12048
13036
5201
9610
9911
13199
11871
697
2073
915
4128
5207
7324
3904
1406
989
6435
5170
5714
8302
6295
1677
2020
2633
2237
9567
8429
6644
2363
1708
7212
8944
7700
5435
2894
12136
3301
10471
5616
13211
897
3011
12616
2849
9209
7742
1775
3960
9367
9891
14083
5232
8960
8219
1365
14014
1772
10044
10566
8809
13113
2875
7986
5104
5918
4911
8681
12421
2760
1397
13990
6722
6981
13930
6409
7538
5545
5387
7588
1329
11690
3587
1489
4592
928
4821
598
7914
2440
10082
3251
8624
13277
12335
9976
6966
12905
6839
4330
2769
3464
8150
1497
12043
4200
3048
7435
3844
12803
6725
10842
9692
3566
10625
1488
8993
2998
12495
965
11249
11471
9062
4474
13895
12987
11469
6921
12781
8893
13167
12989
1841
1450
5733
8061
9369
1889
3117
2077
12964
5277
4711
5881
9358
6502
7849
11627
9940
5886
2384
10772
9108
4498
54
9853
10814
9576
7967
3938
8886
8561
13487
10040
6768
2852
6712
9241
6493
11705
3745
11373
14049
3918
1082
12480
6812
12922
2591
10257
884
12656
9087
7017
13195
1712
6784
8077
8203
7319
9247
11128
8852
2001
8817
543
13229
9913
2986
12998
7120
9054
10757
4123
9105
3865
13953
619
3851
6239
904
12638
13686
6172
13573
11962
7917
1574
4748
5931
7341
177
6391
6536
13581
11904
7981
669
4387
11336
9307
9150
9360
1452
1748
11321
12817
8184
1399
4683
5195
220
8922
688
5356
11929
12084
4855
9768
13972
4550
12193
8394
9035
352
4603
10349
6602
11032
3527
4908
4868
4785
4816
13616
9260
9607
10655
5097
1690
1407
180
9416
1915
7369
5857
506
9893
5113
7664
1879
831
8455
4055
3839
4248
173
11346
4392
8719
946
9251
11799
6591
429
7402
6153
2671
7328
6565
11518
12968
8016
7311
8065
6155
9311
8401
7158
1883
7350
2705
11712
10683
13729
4461
8725
4331
10311
13051
1323
13881
6103
2344
5684
8731
2580
10539
218
9814
876
11204
2970
10583
9329
14027
8449
6345
7768
12395
11397
8543
5564
2832
7729
1679
7250
12365
8778
9521
6297
3968
6136
13374
3715
9573
11349
5244
4978
1293
12910
2808
13510
9941
12029
438
4707
13473
7996
10669
1176
5571
6540
1366
10373
12908
8541
8654
5660
2762
7310
4243
10796
6940
12513
13297
5561
6372
2971
14024
11126
3471
4804
10798
9317
7530
2684
12877
7068
1302
7630
13533
2953
9792
13583
174
829
5476
4175
4079
1892
2334
14018
9449
5308
7001
8565
5947
1287
7609
5443
9084
6792
4861
169
6439
5543
13096
12058
3416
8082
505
7263
10812
11773
3157
8152
13318
1391
8825
9331
7259
5698
9290
714
11291
13452
11377
8499
11806
5320
9624
9563
3188
13870
3965
572
13521
1734
1408
5114
6643
11015
6148
4194
9618
11176
5062
2096
7035
3399
11878
2106
13144
9279
12238
10723
2430
7770
2531
5229
8839
5912
8121
8169
5020
9332
10563
5654
1306
8156
6770
9091
3512
6870
12869
11765
1390
13441
3253
9947
8321
4228
8663
9905
13778
1142
10587
11538
3620
12270
11275
12108
5955
3421
12416
5538
6741
291
6571
7333
8916
3544
7923
6014
58
1085
3625
90
11320
810
3012
5379
4572
8312
270
12657
4482
6232
11104
440
9107
6652
6171
8534
3746
4133
7587
5452
1203
3778
4281
10571
6258
5386
5192
9415
7347
7985
13392
94
1600
6438
3407
10197
4324
9104
2651
10929
13981
2943
5235
6971
12097
11113
1054
11817
5613
1896
12244
5256
885
12832
115
6819
9907
7208
4777
3278
9682
6203
4466
3240
4240
9608
6501
4406
9516
3470
10158
188
3307
460
1536
8767
3267
6766
8087
4661
6027
12093
13427
11263
9570
7963
12126
8283
3209
12864
920
6296
5975
12813
7781
11958
7896
12430
10984
952
10801
8457
6507
4337
4335
13380
4376
11410
8392
1307
6480
8004
2069
10081
9870
3492
8155
4431
5874
7555
11298
10316
7457
8218
12360
9755
7676
9371
8122
10342
5710
9927
10482
10978
2037
394
4696
8316
2646
12854
3058
1252
2321
9226
12892
10499
12020
7639
9044
6955
10106
11303
6700
6459
10651
1026
1281
7420
5378
795
5899
11480
2234
6739
3241
5664
2645
12903
1835
4887
10407
1620
9679
13701
2840
10253
13801
6341
2032
1041
13129
3775
1162
2499
266
3181
8696
10514
8588
12338
11427
11366
7820
10829
12493
9013
1218
5690
9580
583
6662
6582
10121
10019
13177
5367
7949
11330
12425
5027
2772
12452
1934
10366
10274
9996
4454
113
6865
6024
6967
13079
9132
13342
665
3210
3770
13189
13485
7101
6599
10326
7215
10393
4161
11923
8043
9591
11891
11548
11708
8788
11047
9474
4265
10445
11360
7964
1848
9840
2236
12647
4890
9512
3901
3976
6589
12624
12855
5490
1647
12595
4731
6100
6804
13892
5080
9809
8538
12460
6109
11479
7698
5598
7277
3690
8946
5043
2578
396
9461
9281
7041
1289
3730
4765
1201
229
4825
12423
11442
4143
11379
11143
2177
6021
11610
12787
47
12047
11112
2613
1695
3381
1234
11102
7955
13513
8802
3319
8911
13404
11295
12459
5845
5281
6207
368
1457
10177
1016
8535
10861
10088
8635
12498
6714
13022
5686
6929
146
99
3065
3255
1839
13056
13033
6477
6836
129
6891
5614
3003
4600
3945
9795
5888
4294
14028
6688
7875
4372
13338
3084
7327
12805
10272
485
1498
5371
14064
9962
10524
8233
13174
13142
5257
10071
9049
8337
10383
7605
11599
6785
12088
9200
5770
8311
5574
9961
2631
6236
4749
11622
13014
2089
5565
2325
2771
6401
7383
13093
6546
9892
8200
12436
11578
3718
23
8426
5612
6006
13031
10654
2737
10053
2
10710
9495
10365
6518
6482
12705
12661
2833
10203
5483
11730
8164
312
4846
4084
13472
10035
3092
1007
10671
8722
9244
4446
12737
11530
12134
7634
4584
7116
9677
1112
7211
9709
10050
6711
4520
10114
9101
6475
11640
8907
7632
4722
13433
10448
417
8687
7853
9133
3638
5661
3412
13800
10422
7517
11300
10282
9988
11027
1808
3027
5461
3265
10875
1361
3422
9493
5539
1540
3668
7801
13055
1897
3220
3382
3895
6175
361
11189
3611
14009
1347
13507
1547
8374
8548
10488
12995
11669
5434
14031
6474
10369
3908
10089
2260
2717
2143
13584
10380
208
9217
2459
5844
1362
6293
7238
12926
4439
8300
10729
7054
4514
7267
235
10498
12923
4956
7751
10799
6549
3777
4935
1053
11491
9786
8639
14077
12621
7975
9043
9048
2029
12524
5230
12507
10557
7363
13752
1076
13789
11308
11016
13236
11470
11750
1984
7282
8822
1965
3229
5066
8468
5767
11508
9879
13219
4242
9568
9634
5900
2819
3930
4588
4147
11059
7064
7644
5875
1153
5989
4537
2815
8079
5642
13855
5117
3434
8710
3924
5323
2845
3067
12170
13779
1710
8634
2065
7793
8366
3389
9569
4233
4117
9769
9733
11145
9700
6969
7057
9511
1272
3444
7416
11825
11426
5967
4412
4076
6595
2496
13286
6920
2067
2904
2135
3936
709
3392
9146
6611
464
11814
9620
6241
12959
13158
13015
2984
7842
1288
10427
13176
5778
2548
6290
10943
9757
5455
5407
1593
2327
3282
12866
9931
6150
2980
9554
381
7380
5681
1431
2974
13598
997
10995
13192
12591
11866
7713
10411
7190
13710
4779
1952
2571
8481
4764
10615
10677
11307
4968
12779
5015
13684
10454
10271
4965
2559
5013
5551
7082
3118
4317
4448
5846
3585
6183
11045
11984
427
14055
13668
9239
7871
13720
13539
10925
9845
7389
11199
13336
3543
629
13567
6626
10436
857
7559
13256
11142
2728
11737
13678
11472
9016
1116
5889
4026
2187
8180
8158
7314
5392
1662
231
8646
8168
2088
1434
11715
3379
2328
13907
5049
2959
13358
11361
11252
11380
12769
8745
3441
2744
528
9703
4926
3958
9007
3837
10065
10064
7719
1613
12115
8743
12643
10372
11540
12231
6976
7453
1045
66
9729
3025
411
7683
9843
12083
8345
1254
6256
6162
10217
6176
9442
3449
7122
12949
1857
2390
5404
9064
10007
1197
439
7905
91
9656
205
5822
340
1285
2747
9693
9588
5884
10666
1692
8525
3720
6026
10945
6337
13805
2250
10029
12499
6352
5290
6097
12770
5137
8486
13741
13505
10474
11749
6668
11509
684
2510
10305
11196
7585
10467
302
5645
13760
2624
12483
11070
11945
5520
591
112
4
10759
10952
5390
7283
9597
12375
13947
8869
11593
4380
13237
307
3
11063
34
2462
1956
9301
2048
6363
6775
10258
690
1180
3494
1720
4436
3436
879
9916
5649
286
13851
9583
7473
11121
10892
6396
8114
3721
1250
9847
10124
6608
9484
7539
401
3725
4223
660
5783
828
1576
2018
1102
12057
7476
7765
10017
4073
2947
10701
3657
2238
5206
7105
1996
4345
1711
10715
7224
2564
4641
3162
5095
1135
12400
983
2537
10951
745
6647
11541
3430
13309
6397
5815
784
11008
3139
1346
8929
12544
8751
9225
8728
6344
6588
8194
6902
9958
13903
10243
10878
571
7411
2423
3785
3618
12278
13364
3248
6135
4857
12331
7779
14086
8897
5003
3812
11163
1603
900
5303
11710
3377
9850
11595
4830
2015
7591
5142
11461
5468
7684
3169
12763
7913
7524
11809
7499
666
4451
10446
12658
4689
1850
5110
3507
6347
2131
12612
11612
12159
416
5160
10535
3629
7522
9722
1095
13792
7872
8844
3257
14002
6298
11725
1461
11495
6560
12512
1920
7614
5092
4428
3704
11041
10789
1732
11129
923
9582
8118
11552
9196
282
4469
2581
10278
13922
22
2989
10832
2060
6209
1766
5745
10163
3993
8831
9284
4835
8760
7821
10
4145
12280
12743
10690
7466
12811
3508
10016
1723
1804
7071
13109
6188
10051
1301
7933
9312
5970
12444
10675
331
575
2013
1650
4158
1955
13083
5921
12978
10418
3990
11829
10946
3996
12149
11697
1107
12713
5183
12913
8940
7063
8166
621
10004
4568
2814
6699
10432
8969
12752
11023
7252
13767
1719
4787
6762
9439
7025
9726
12784
12413
13549
6160
2504
11528
5161
6000
10397
5577
13554
2508
5957
8360
12629
681
9487
3864
10034
11030
13285
8632
13313
850
1313
3183
10111
3135
7992
13159
1359
12012
5081
13432
3978
12215
13424
2051
609
3861
13884
5662
8161
6118
6410
6995
13071
8304
3140
3046
5061
4811
4668
6365
6655
7536
5872
929
10816
232
1249
517
5871
8913
7654
1473
4719
2199
8909
10288
13809
2615
2969
12367
5679
13627
1174
6687
9611
12033
10620
978
9293
5580
3766
11353
12318
13785
9021
5191
5167
4915
3804
1166
13138
1865
10730
12311
1228
12481
3916
1796
7214
7032
8211
3277
8053
3002
6362
2087
2141
11225
1077
12439
5528
6441
11077
5604
11873
13946
1070
9562
10802
1736
13716
13284
11213
350
7379
10496
6535
10248
6380
11607
12332
9740
5568
8390
4174
12252
2024
13861
1286
2768
11841
5360
10506
7398
1910
13691
8991
534
4037
12354
9954
5756
11221
8985
1901
10956
1261
12878
2593
4541
9743
3882
12133
13876
8567
13442
3622
13324
13803
10856
13527
446
8496
309
12603
4358
2779
7414
10094
4709
7377
10604
3401
13896
3102
6189
6146
6633
9545
6660
124
3536
10866
9895
1715
3959
8619
704
3356
12541
71
5747
7260
13421
1494
9445
13832
2521
14025
7712
459
12178
9473
5286
8020
2680
13319
11477
11944
4643
1513
617
13561
11950
633
13509
13350
8412
9917
12310
10930
6308
7694
13846
12669
6619
10260
10486
4566
7979
13326
10131
9696
886
7115
1971
8882
6010
1607
8887
7073
6219
5204
5839
612
7205
877
3702
2253
2484
12086
3396
13349
4027
8717
3995
2550
4874
12128
6765
14012
8351
1743
5034
10080
7405
6159
2331
1502
1043
13654
13733
7570
7309
6649
8695
2682
4850
10863
6538
7658
1056
2137
800
2352
4201
10964
13590
2622
8142
5677
3686
6904
12847
1376
5335
11983
9662
799
6461
2567
1675
13676
11352
11181
12275
7445
8397
2793
8920
3632
12001
5348
9836
3636
5340
613
8299
9232
6312
9271
8414
6079
7772
6246
4691
8396
6364
12508
13879
6037
11449
9906
12005
2976
7836
1885
9574
11790
3374
224
10181
4815
6603
4308
3191
7275
951
13948
5327
8684
11499
12503
7107
13254
1435
13255
8693
11105
5525
3691
3136
9042
5943
10854
4606
7034
3320
2079
675
8830
713
10582
3652
3596
7093
4924
4231
13100
3538
4122
703
6071
8982
6231
8988
2053
9794
523
7761
7564
2022
3068
5140
8611
1173
10769
4047
8494
1893
5792
2730
1400
3221
8134
13132
1357
2379
1320
2650
13436
5329
12601
2854
3519
4493
9428
6965
5963
3327
10087
7003
13818
1958
149
12914
6506
6170
10679
13228
2979
5048
667
6247
1891
1717
1051
10332
3324
4321
13888
5621
3559
3773
14036
13369
3818
7232
4951
4125
3344
5402
1380
7691
5453
11097
11038
13942
6488
4404
5709
922
3612
10724
14048
13927
11626
11564
8465
10075
12347
14015
455
12334
5807
10219
13024
9524
8467
10588
4040
4017
110
13976
4001
9531
6195
10507
9348
4586
14010
4649
5666
12327
5423
3325
11286
5911
6728
12928
4450
9037
13952
13739
6251
12303
2568
6083
13078
4314
7424
11219
2743
9282
6204
2920
8265
6578
1382
3386
12177
7000
1517
13011
320
11123
5928
10907
9182
8167
9533
11488
2399
5458
5057
7613
10226
10267
9396
5803
7623
324
5248
5782
6869
8327
11502
5752
5065
8267
3408
13483
10183
10036
9689
13066
13305
12440
12703
3739
1665
8552
8967
5923
9876
11853
8758
12655
708
12095
10989
7016
7901
285
6670
806
5251
13651
12212
12553
2448
11432
11886
2486
1195
6581
5178
3754
3840
13635
4783
3540
9359
11116
11507
1983
1531
3685
5228
5326
5045
9313
3736
1990
2345
313
11218
3493
13065
8583
8765
11719
8811
4909
5139
2467
4413
3528
11100
1777
8816
6201
13001
12686
2090
4546
12173
2346
11245
13754
2773
3490
2787
9600
12536
11365
12886
5890
10014
8714
5950
6720
8330
9690
13273
13597
12691
9849
12112
10249
1873
7857
4010
4171
13529
10962
13883
12592
7904
5467
11731
3542
8836
10815
11385
6489
3245
11435
10402
5599
10052
2465
13568
2902
7924
5067
1584
4004
9352
1371
7351
6636
3714
2045
7061
954
3294
12434
1780
576
8033
12288
10167
13179
13978
10374
854
7512
2945
3110
1649
3780
687
10983
12653
10865
10586
12844
8892
6934
8279
52
4183
9294
8523
9372
744
333
3919
13208
764
1237
9106
1129
1372
12549
6900
8862
5639
7302
4291
738
7464
9246
10042
933
4560
11545
11141
101
2549
5252
11205
4218
6621
3846
6803
3271
13577
13445
3336
2021
3122
1
9051
5399
9441
4629
5431
7095
2285
6928
10147
5595
5143
2364
2377
5625
2429
3782
11682
3651
13749
10291
12035
2797
9236
449
1290
10500
11082
5181
5553
8253
13281
6824
11692
14038
8703
2588
4925
11782
8199
6913
3514
5484
3098
8986
2710
7516
5283
1989
84
13911
2830
12104
10776
10628
13966
43
7620
12267
6846
9164
12291
5576
4700
12447
1389
2011
11493
9167
1570
1968
12952
4677
12082
7191
3431
3298
3981
6547
4681
1598
4670
196
12171
2488
2952
13547
6908
12491
9548
8349
6479
10826
2901
10852
12394
12652
4221
9077
11776
8609
2727
6342
1019
9912
11848
78
2687
2831
12709
6801
1733
4555
12510
3398
9468
9586
8843
476
189
9960
1441
4575
9539
11579
5498
558
7037
3889
2784
6406
3365
6590
13979
9412
1212
10505
8477
3810
6044
1071
1480
1725
89
12204
11560
9711
6273
9631
6142
7110
11858
2494
9268
11674
11083
12689
10637
895
12368
5821
981
65
8564
1763
8829
2112
11091
3723
5412
6019
3573
11390
7442
10830
5024
245
5775
9641
12706
11709
2752
7843
4003
8011
9622
5457
5887
10335
6017
6269
13863
4786
3781
167
3556
8995
11995
5377
11120
9350
12985
8652
9491
5358
730
9857
3372
9697
8730
13646
1783
7789
12981
8530
4365
4720
12038
2883
6487
2066
10300
10657
7911
10310
9498
3992
3286
3390
9089
5721
4948
13145
4470
10529
4898
138
11772
2865
8873
8197
4260
7805
13398
13205
14060
325
8303
13123
11865
10283
1737
10179
3683
13538
5908
12116
11554
4088
11980
11391
5459
12302
10936
13826
10287
1764
6084
25
12876
2052
9877
13202
7281
4713
11620
3014
2130
7638
10201
10618
7838
7681
1202
5187
7235
8157
3664
6895
907
1125
9174
6933
2115
8677
8906
12683
1824
1936
3548
5162
7653
1506
6190
11759
8153
3302
11314
8075
7862
807
2516
8990
4921
12992
11522
12233
6555
9712
3700
461
8310
2322
5304
9825
1215
2338
11506
815
5878
809
13848
1938
5671
13586
12788
5824
11325
1000
10058
9983
3230
12339
8572
7565
12015
5112
6009
971
3503
7271
4167
6708
8808
4772
10928
6532
13738
12670
7255
7022
12898
3726
6407
8291
9137
6386
4304
938
10449
11363
848
178
11693
7571
12008
3474
14047
8453
4350
3656
6282
1908
1761
4435
3310
2268
10760
5603
10429
805
12814
1658
12677
108
12501
4728
4263
5965
9005
10761
657
5157
2785
10629
10215
12936
7140
13996
13124
1255
3044
11909
4509
3287
3015
8466
11272
5569
12399
8201
12969
7604
8151
4999
5481
2393
11847
6847
11157
366
12479
7471
13717
8116
5759
6534
7834
11938
281
11761
13235
944
3623
13559
3825
13866
3244
12692
13115
7695
6724
12671
11839
13875
13753
2551
4154
11033
6634
7400
11046
5136
4490
12929
13330
9994
9738
4132
3414
1699
2657
6796
12881
5946
2863
13542
721
12437
3443
2917
8339
4902
8858
4567
4503
9300
7759
6289
8490
5282
6773
11418
6551
8625
406
12682
4319
12940
4994
13672
3937
5353
12090
11434
6721
2606
8755
6613
1597
2518
4620
674
4746
12100
10821
10171
10439
10340
7480
12891
5415
3066
12002
11031
3024
11463
10642
11754
1940
11637
12223
5226
833
7991
5006
7816
5411
9979
12775
7010
6367
4934
10103
10687
10396
12698
4464
13489
8080
13565
9901
5913
9213
10599
3927
10492
7918
10898
10020
3802
887
11653
11895
5831
3090
3769
3333
8063
10155
13045
1882
526
11505
8242
1759
12599
10168
5118
6676
3224
12072
7612
182
3666
38
10648
12147
3028
12535
3280
12006
13020
2335
2201
12848
12442
5632
2012
6862
9242
10333
5050
4739
1251
4690
11106
7937
6951
11550
2179
1782
13108
14041
3121
8138
12871
5930
10000
9000
157
8406
6124
8777
7800
12773
10640
2478
6065
7184
12702
1425
10813
14059
8790
8739
8932
12716
1226
11362
2689
6918
1872
9211
9397
5773
12336
10097
12052
13999
1656
4800
6416
12050
6284
9019
3004
1487
3263
1563
8746
9669
13968
12615
74
13321
8614
9925
3222
4732
1147
3234
9643
8970
12345
11476
2921
11901
3063
2295
11136
13727
7882
4625
10645
12943
9871
6077
2470
367
12393
2313
4519
3348
12924
6983
8952
1557
11012
1444
5774
13008
11997
5627
7728
557
1852
8553
10132
3040
2841
4083
1419
5403
7973
2570
363
12377
5920
13578
6478
10472
12986
6541
8612
4382
3801
13852
645
10992
4011
7776
7688
4717
6383
12063
12376
4015
6047
7783
6531
6912
8476
3616
13709
2584
778
4074
9506
14016
12167
913
10280
13650
9304
2093
8307
69
5370
6932
11229
6583
11387
1749
6627
11407
592
13939
8216
11937
212
8700
8871
2811
1260
12786
5609
7229
6682
4812
5731
2299
8491
7910
4226
13641
3360
9813
8355
5121
9811
9575
7557
13035
4284
7717
1949
3021
9076
7294
6916
5969
3628
1860
2910
9673
4166
5766
9424
11981
820
4095
6436
5172
13704
4611
1903
4234
402
4729
13376
6244
8804
11575
8641
11496
9205
4817
823
531
604
12568
10182
2168
8532
13886
3621
4672
7749
5937
5223
428
3147
3756
11604
7708
4703
10005
8225
13853
6272
3813
11347
4089
9637
7972
13882
8616
2547
2701
11378
1713
6620
1086
1064
6686
10735
4014
988
11935
3903
4981
2995
8539
2457
9993
6607
3551
8117
8945
8385
8484
7978
1182
8258
7007
10198
13692
6923
8522
398
4539
9964
2742
2028
1508
1941
11500
8578
9781
10822
5984
2672
646
4202
13630
10501
13502
10600
4983
12902
12113
7673
10175
6271
9333
3165
5180
4195
3458
1591
2662
2582
9992
12630
4571
11417
11569
7189
2641
2204
11277
2643
6012
12719
10601
7488
6089
8974
11455
13545
7142
5280
14079
3456
13869
7831
855
1797
9902
6304
1305
7647
1029
8441
3606
12517
2525
7078
11600
1869
4980
5365
474
12428
14061
9501
1258
5583
6032
10105
2263
3261
552
117
8159
13575
3314
4048
4543
6509
13190
8163
2358
9949
5530
466
11703
351
12453
12200
12577
2332
10991
3954
3204
12418
2620
11536
1510
4488
7166
3593
5321
12414
10172
1646
5973
3419
13267
13520
5489
5336
2287
8060
9721
7446
4870
10613
487
7942
5793
13382
5393
5491
7241
2040
10038
7854
13681
9299
8181
537
10352
13604
164
10697
11854
12809
3609
7171
4727
10128
11805
1880
13794
11783
4556
11095
12419
10239
4152
5194
8054
13926
12904
5153
3576
12461
6879
8856
5828
5896
8956
10026
2941
11066
9839
1731
6283
5428
8439
11828
2565
5509
3395
6524
6888
10576
5541
3710
11833
12007
4163
7583
2557
9036
10765
872
2628
13261
3380
5069
4052
13423
683
6038
1754
10981
7443
6045
9644
2427
3673
3354
4740
7818
8182
10607
7481
5956
10495
20
5750
1465
3762
11198
13075
10157
5364
7136
7497
9131
10914
8875
13898
2544
1974
3466
3459
11404
12358
11212
3809
9030
13503
5414
10003
2594
155
2780
995
5883
2157
9528
11672
1779
1886
12271
8786
11914
10994
3342
12983
773
6990
1916
10015
12635
79
12695
3378
10359
92
9997
8938
7868
4614
1636
1192
9430
3462
9854
13660
7164
12064
8340
13829
3941
10698
8511
11166
718
3064
9065
14
9197
4361
2441
10805
2820
3590
13536
385
4170
5712
11777
10450
1181
6317
586
6497
12587
8021
10487
12066
13764
6930
13099
8124
2092
574
6973
9411
12870
2968
5151
3501
7716
561
4789
13490
13278
2434
9999
5987
6447
7288
2071
7422
7682
3236
13428
8881
12361
1158
932
2304
4443
10444
5513
3505
4418
8444
6858
10568
1740
390
9208
2091
7254
11652
12539
4530
3075
13139
3479
8820
7794
1757
1240
12667
9835
13128
8029
4866
878
8313
9002
7677
7597
7338
2993
982
11107
1356
12865
3476
12323
12487
830
13361
13102
11908
2394
3495
7777
9736
827
12530
8377
7239
11826
4115
13396
11762
5814
3413
12184
9826
8756
8006
8127
2528
8463
14003
11311
120
2183
13844
5451
5284
10932
611
8261
9668
13928
10331
13782
742
13308
1161
3935
7628
10967
8315
8091
4481
7145
4458
11660
12254
10676
12305
3874
6543
3750
5246
8595
6208
12875
11099
12860
5255
9628
6513
6517
11813
253
11452
10170
1427
5123
7931
10164
12942
597
7182
8301
7247
8480
1227
12258
6864
1294
8585
7285
12044
5373
9429
6082
10385
627
3815
4521
4112
1424
12766
5789
12538
13667
2144
2354
2527
4957
3617
1157
5082
3979
1104
4306
11887
9459
3794
3952
10837
3215
355
13183
12843
9138
5925
9221
847
4359
2456
2262
3822
10725
11268
5216
12966
3797
13081
752
4918
4698
11864
9822
2667
10961
8475
11577
7419
6466
11193
364
1283
4820
4094
12122
4583
6306
6747
11792
10963
7722
6387
5968
4259
1002
6210
13043
8849
4803
9842
3547
11559
5744
8497
3693
8425
4385
2330
9172
7984
4473
3008
9090
9812
12760
12518
10193
7094
1177
11557
10356
10213
9339
8239
4185
3899
9377
2881
3239
5197
9561
9305
1629
566
6358
7109
2228
5355
3192
12729
7874
1979
12141
14058
5988
1813
11583
13276
471
691
13234
7372
1324
1463
1183
8675
7566
1698
6661
984
5236
8489
11523
6235
468
3961
1631
3521
7376
12462
10810
6533
11334
6569
9215
4109
2925
13499
3291
5643
10889
4659
11315
8507
9715
13104
2574
2946
1945
7133
11831
10565
13696
360
7629
10263
8842
1328
11167
5225
5893
7459
7029
11647
5046
4733
6968
8249
587
963
3574
10136
1010
11869
11223
7321
12851
10458
13995
12920
1030
13677
12234
1787
5033
10376
13893
12894
4287
11974
5107
13644
9989
12337
5060
13429
6192
5739
12003
13775
6856
8012
21
8431
8308
13744
9011
10869
1065
1864
12348
193
12823
10322
13405
4656
13294
3085
2366
4297
13269
10849
3881
6431
5078
3199
10733
6128
3900
3985
13480
4092
7153
3463
12918
3509
4540
8501
4686
6665
329
13166
11323
529
13057
13714
12550
4237
1447
1668
442
4130
7881
9938
7023
8810
808
347
4146
2733
12759
1769
10721
3522
12576
2503
4885
380
6379
11836
12403
12715
13206
4219
9918
9819
13168
13175
13201
10713
12941
8569
8067
7693
9175
5040
7346
13372
9124
4024
3153
2515
1113
13315
2957
5762
9079
4782
217
11650
436
3405
2991
1124
148
7961
5002
2738
13614
12080
13409
7432
1803
9460
1146
12191
11957
9004
9661
10324
12296
13638
12720
6697
8879
11570
4212
1416
7504
8352
1426
2153
4884
10727
7332
8826
1483
11714
4111
12494
12543
797
4666
1622
13012
1693
4936
4695
13059
11685
5331
8518
2877
3708
1610
6445
12405
8659
6261
12102
5437
9156
9612
10891
7307
13949
2038
12392
8095
9749
12314
5951
9088
1269
6759
11551
11954
4257
10762
3743
3101
631
2778
9834
12504
2595
5219
10169
8214
5536
1611
7475
8962
1571
5212
7621
11203
11133
2600
6811
5636
2954
9897
3238
6962
8379
6677
4370
12472
8902
8055
13223
7188
602
10191
8402
1417
425
7835
9125
4136
105
9535
5079
9801
1753
4511
12572
3226
12014
9963
518
2412
6822
4775
3788
8835
2339
2438
7150
12190
5784
13774
12443
8289
1103
4665
3045
5090
13878
13156
5758
3807
8546
3913
3850
2944
12990
10502
12925
9149
11053
4644
11767
5058
10872
5134
3526
3598
8690
1009
7581
3362
927
8174
12618
1097
8353
13572
647
1727
10917
1652
5858
12237
6217
3891
1023
4067
1057
3946
10900
1856
4394
1586
1191
9152
13989
7925
7460
3546
12559
6120
11638
2389
11619
13025
13723
7795
2928
9861
1136
12251
11576
11943
5746
10782
10570
3034
13795
13258
11646
13073
7489
12476
2908
10988
10138
10680
7651
3237
9823
12092
5163
580
5685
4432
4328
7602
7354
12707
13780
980
7541
8558
3100
504
1229
1037
1144
10560
9199
13798
12909
5557
13986
11399
33
1729
8972
7144
11206
13046
303
719
100
10627
2704
13810
7563
5426
8528
6319
5156
4879
67
2636
175
8515
10838
802
6095
11818
2284
8570
4676
12114
1050
6574
341
5669
7686
10135
7832
13210
9821
1904
759
919
5706
12828
8904
2555
3439
3130
9117
388
5494
3738
7036
3460
13721
11636
10924
4096
8848
4630
9774
12774
9666
8129
1820
2447
13106
10745
11293
11860
2300
865
8688
11086
10125
13018
896
1481
13963
3877
4636
11172
11625
13250
1751
4919
9129
4660
13464
5346
11208
2927
2609
490
4903
1959
7468
1017
8272
6485
3926
3869
1222
13450
4274
1036
12039
2375
11800
13412
7817
2798
6351
11618
10477
8884
661
2711
908
7454
8934
1052
12301
4433
1187
13806
3270
13311
2888
7506
3128
7718
7366
1533
4046
9240
11905
12422
5817
512
1204
8154
6997
6991
11609
4252
5738
1111
10901
6248
9820
6884
3776
13648
10987
1159
9884
13631
10741
13582
13288
3477
12930
6545
13088
2402
9855
14046
132
12755
11890
2408
13836
12625
11040
1894
3687
12596
9012
4196
14052
4414
6989
11413
7501
1170
13247
1015
860
1005
5243
11076
6034
6998
5014
13730
12776
1529
4714
6414
1800
11025
12962
258
4622
6424
7819
2007
9121
8589
12994
3481
4298
1907
1022
1243
706
2843
7921
3589
3506
10145
3292
6548
5433
13497
2461
5979
9326
6314
3450
4718
1930
9702
12242
12055
5085
7833
488
4694
2383
1046
3072
10212
8771
7114
3467
13965
7482
11611
5728
7173
10527
2475
8462
13233
11884
10063
1634
7180
3887
5073
10777
11096
2962
6242
12433
13912
7810
12208
10598
5842
13378
11440
9351
12556
12722
8062
562
12597
87
11356
3454
10339
12036
11146
12293
11592
2044
8900
6689
2426
3709
8144
7847
11158
10876
10807
4613
13153
12415
3127
11220
10317
5954
1337
11816
10691
2425
4256
11310
9481
6112
11573
13835
3023
5129
13906
7186
1609
9517
13914
10047
497
4576
1378
3037
1210
1601
8014
1847
694
11892
6132
6448
13101
10953
7720
1122
1364
11179
12061
12525
3452
338
11050
6664
10546
4151
5826
3957
103
2937
7567
11546
9330
4832
6226
6264
7086
119
2918
10421
4987
3214
801
2435
4667
11769
11824
11928
3523
844
7044
8332
10329
7750
9233
4610
4334
8240
1277
3440
13580
10594
8860
4669
7813
11322
2572
13593
419
6984
12609
11111
5657
6585
2686
13312
2786
8228
6587
11512
3019
6234
4400
3491
8404
11192
405
4442
4108
3956
10392
6471
6022
9507
2229
6080
10668
8794
3733
5293
8306
2483
2506
1066
12546
2233
5395
8533
9719
6945
8905
4062
12163
3588
5540
1962
5511
12726
8762
8274
7279
2729
13576
7775
9551
6300
12623
10112
4038
8664
11395
6368
13579
8823
10688
10490
9355
13188
9073
8100
2167
813
1507
9832
4531
7830
1552
10751
14076
13300
4139
6521
6266
9269
8275
12988
13403
13596
701
9187
12096
12977
6648
5313
1776
10870
6472
12236
9336
11753
11588
2353
4842
8582
7636
1655
6025
6683
9734
4992
1078
12680
5873
5518
2495
4522
1855
13523
11271
2267
1231
11174
8818
10553
6764
12659
11729
12427
11234
13152
4391
13418
4845
8259
6074
3835
8387
12475
798
4477
5385
3163
9642
2388
2607
2009
13548
6943
8963
6395
7
186
5505
2307
11250
13673
9214
3123
9387
2109
3560
6305
8855
12509
7273
1241
13270
1063
1109
7997
9134
11926
3274
5549
10348
6222
6958
10122
13353
4946
3457
5597
200
6749
8135
8504
3341
10255
447
9462
1819
6163
5755
356
7021
13813
12109
5396
5397
5593
11916
4258
9028
415
11324
1246
4836
5853
10558
8544
11675
9285
1476
7290
10464
13983
7633
1354
6093
12071
12317
14034
2110
3665
3633
7672
1585
7426
637
8400
11676
3635
8196
3680
7666
1544
11911
1198
1137
8941
10859
4818
926
375
1756
5037
14050
348
4022
3406
3586
6476
13204
7157
144
13155
9100
14082
8071
203
8498
11898
3295
649
5296
11259
2722
3597
6522
453
8997
6769
717
615
11421
6552
10556
3006
2612
4042
8574
4264
12561
7269
2926
11165
584
11960
2023
13157
11079
13370
858
6663
9972
1752
6156
11340
3370
386
2203
6470
433
12820
2721
6268
3017
10638
1292
3418
6596
2419
14074
4126
3001
13340
484
11115
2788
3198
5213
13535
13551
8322
12777
12385
9478
6418
4371
2608
7715
6133
11009
4876
3093
11796
5672
12750
12402
14063
5186
14004
10703
11633
573
273
7764
2554
11986
826
5318
4090
492
7408
9008
11194
4332
7462
4329
12023
4025
2807
6421
11615
10603
12198
12313
4580
12408
10412
4998
7423
9194
9354
10084
12127
4019
10211
577
1921
7146
4456
14039
10941
11751
4942
3247
12391
12748
10923
8024
3062
4426
5726
1917
13264
11431
4910
11235
628
10353
12979
9378
7479
11344
3779
2474
4900
269
8251
2992
11049
9083
7697
199
12850
8085
10497
12299
2471
11922
9727
7355
8791
5606
2193
9775
3388
11613
7592
5427
8987
2303
11302
5301
11341
12846
5840
10532
7397
9115
12465
12412
3994
1478
9168
4741
12751
8931
2391
2586
11851
4742
5245
7714
2653
7812
2539
13125
9431
3368
215
6221
9971
1788
12117
4628
11531
7523
8372
1845
13812
13606
6757
8000
6426
5351
276
11661
7004
12209
13386
11375
7334
8738
10526
13768
13656
8230
2436
5154
569
2497
11297
8769
4028
6505
14033
1060
5861
940
2829
5190
10225
12240
12078
7042
227
14054
9564
6673
1523
947
3999
10650
10686
7649
3208
8796
5748
5247
7286
6731
10232
9724
11819
2455
8141
3167
2712
5764
5309
10740
9446
9406
2535
10279
13134
3755
10023
5474
12374
8775
7154
9060
638
7839
9862
6735
5009
2149
10747
13807
6985
8709
13060
4990
11484
10478
13822
8702
1714
12665
9178
2378
2751
7528
4927
11993
8423
9020
10143
6924
2100
9796
12859
6457
8287
14000
1120
5120
793
9594
8005
760
2039
2120
13827
2524
8851
7898
3189
13468
7368
4955
6656
10947
10395
9537
3867
8667
13951
10533
5401
6267
1175
10784
13817
1089
5648
1330
6464
13481
12937
6028
2271
1988
6709
6173
10960
6216
12148
961
11226
4379
1253
11026
6332
2198
4619
2311
11601
8637
720
1967
11963
2630
10468
4526
7174
5810
2178
680
12827
11243
9405
7971
825
8064
140
7736
2763
1527
5558
9550
9
10874
13341
8083
1827
4153
3151
519
7743
13091
1133
3827
6411
5618
1373
9766
24
3767
11811
12721
10394
9231
4238
13662
9788
567
6935
12364
10955
5056
12397
7406
6310
2373
8038
2753
9296
8347
2154
5997
8691
10958
3727
13476
3480
2216
12295
13934
8749
9235
1993
4906
9450
10176
8277
12320
13918
5240
8223
1314
1696
5268
3627
6600
6922
12316
13049
7744
1360
3087
237
12725
8643
1223
9883
4485
4941
7547
2828
8204
8119
2685
12588
8512
4979
13595
322
9130
9630
7223
1992
1021
10840
9009
412
7266
13401
9276
1572
4510
7020
10775
13240
7876
4794
12180
11182
2540
9538
3771
2283
13837
6233
9975
11741
10327
4106
11511
9228
11998
3595
6694
8086
12206
1186
5938
12263
8058
3786
3649
6641
4615
12757
11614
3645
12091
5019
4427
358
3803
8032
2890
5025
11971
6315
5552
916
11260
4268
6564
13064
5790
467
6692
3515
13169
11266
1953
2398
6230
219
10728
1906
12450
8409
2118
5885
9873
3942
632
9447
7661
12735
12849
7915
6048
12521
3155
5332
4971
172
5295
5299
1849
1643
287
271
11907
9818
890
5036
9097
732
605
12560
10806
7879
10743
9444
1794
9063
8191
6005
3970
9320
2055
3036
3712
9514
6715
3701
9347
899
5859
6815
9203
6911
13434
13345
13919
6137
4100
2812
168
6405
13038
6213
3671
11267
6876
5753
4363
10281
9189
5953
12899
1388
8269
3445
12975
3828
1946
6287
12796
4534
7203
5820
8547
3641
3814
9513
4901
13541
6915
7222
13028
3920
9147
7359
2512
3883
12582
8433
12502
7172
7763
8636
13362
8648
9627
6944
2599
2225
10010
6843
2695
7074
10192
12297
12895
2981
1379
13419
11232
8828
5094
7231
6816
10531
12018
12175
700
46
12842
13449
9678
8045
8143
5504
7060
3972
1831
7899
11428
834
10410
9112
8442
10104
6354
9590
5102
9923
3266
8795
2810
9349
10298
9483
13566
12265
10039
5882
326
8243
13148
2715
5983
10590
2205
508
1263
6381
1728
13819
781
4633
14021
12637
3643
491
6830
7724
13643
7102
12526
9609
7946
4608
5812
568
4402
4991
5754
8670
3409
8575
12607
501
12330
9318
7865
10999
5500
9707
9638
1047
11689
12065
11850
13137
2432
9058
9395
13652
4340
3306
7987
11668
6890
1491
1310
4578
5146
1994
5959
6818
11239
11408
7417
13504
316
5266
8621
10867
6503
9881
1659
9081
5000
6772
4975
8432
3276
10643
2487
3465
2909
8560
1205
3757
11085
5589
4244
12598
6781
4066
6795
6954
290
8389
2623
4053
13625
1925
11138
8395
1812
10707
2081
7582
2514
1106
3697
9625
4157
1758
250
10678
9762
8805
7828
339
2159
6937
7943
5220
10338
11586
12791
2256
650
9852
10006
11616
9017
4881
1145
9717
1674
11039
7503
4369
11771
4932
4513
1931
10879
6294
7117
9427
1211
11419
5343
6899
141
10664
4135
284
1067
8140
3404
11456
288
2406
4858
11403
8266
4479
4285
9921
1922
2675
4247
11789
4050
362
6197
13900
3854
6528
3483
6253
4411
6592
296
1997
13420
11372
2605
7993
8880
11623
5133
9552
10110
10567
238
5532
14087
1216
7325
1184
12723
32
12740
4950
1096
12176
9327
259
3605
12484
8864
4831
8257
4993
1088
9266
9701
4357
6039
2844
2696
1964
5990
1475
5488
5573
1914
5022
7361
3898
1512
9422
3602
546
10968
11882
9747
10578
10229
2274
11150
9982
4702
12294
1525
9882
403
12954
2708
10433
5915
8373
3030
5291
12825
5179
7162
5322
5880
5940
9967
6666
11951
70
3174
12218
5487
11780
4529
9335
8874
3205
2084
9613
9259
10388
2936
3073
2372
371
13732
6736
6905
7096
3533
2185
13453
13027
4648
10001
7428
3852
1546
5534
9904
5847
5446
13530
12068
6119
6469
5870
116
4582
3442
9759
7953
42
9258
2977
3051
11969
8317
11013
5550
13479
11187
11547
473
345
5041
12289
2170
10656
6651
9177
6837
11770
3760
1238
13862
13589
13150
1853
13222
8870
13994
5786
11329
1087
11571
13840
12822
4914
770
5926
6883
3340
8207
11876
10008
2270
12570
13475
2317
8763
6330
3948
7760
8145
12824
5339
5514
3299
10334
8509
12099
12717
9844
10066
6893
6979
465
8601
7345
7436
7796
7928
5462
14005
5508
10479
2280
11872
846
10695
9128
10387
181
2876
2030
6956
5801
5203
6353
13443
5567
4390
1718
9713
10997
2670
5964
373
213
9920
11444
4869
13417
4296
13303
10758
10304
8803
26
8041
6126
10853
6011
2072
7161
12654
12448
9192
4021
5693
11425
9746
8577
7556
7640
11862
3642
11342
4278
1895
8668
6430
10218
6177
13931
3940
4245
9763
2707
4397
2825
4270
3177
12734
1821
1535
12404
7330
12974
1543
13348
9319
14056
10107
5537
6499
2965
1929
2576
4880
11679
9956
1455
8323
12528
10354
11977
726
222
2243
1169
4381
8185
7808
1233
12362
1105
10484
5922
2362
12744
12026
6238
10788
9646
8102
13736
1663
479
10550
976
8273
648
3631
9937
7433
2128
10771
4307
9095
9541
11970
8669
13458
2851
332
9944
13762
10766
11768
10846
10658
2837
13482
10770
4863
1345
10569
2734
251
13787
13172
5652
7485
9045
6004
5791
8965
7448
4377
6629
12062
3120
14043
1721
11815
1018
13147
10985
1755
4598
7119
875
11168
187
13601
4246
9340
8732
9154
3077
6389
9705
1143
9096
12121
2809
2428
9950
749
6799
12131
5138
3293
10117
11635
3790
3717
6763
6147
1532
6598
10966
3663
7181
4916
7533
8172
10083
3799
10151
13605
1074
11775
4326
1411
4467
12631
6322
13909
5421
3661
5939
8705
13962
10187
7897
7478
8877
1697
11621
4031
13816
9939
6558
9863
5023
8593
2164
13935
1703
9731
3554
7027
8222
7788
9505
7687
11655
2422
6508
13431
13751
2835
1932
9558
76
7747
12632
5904
11732
7066
6616
12522
6094
6138
11801
3870
226
3873
8840
8789
12021
2683
11170
9615
11516
3329
761
10714
7529
12646
8405
1602
8529
8367
3706
10536
5694
4896
13238
10649
10975
6301
4834
13675
9526
5555
7739
13748
13661
11386
9490
73
12802
4851
9471
5012
13784
565
6278
5903
8003
4075
6444
6986
5683
13525
11161
7227
11312
5150
13391
7601
12390
13563
2842
2956
6568
1033
2735
12230
12321
5330
6318
824
2208
5410
2254
11103
12944
1374
5471
9114
11162
3029
7584
2218
13136
1004
9357
1245
6366
6428
201
13943
13632
8936
8603
11285
6116
8666
2269
4434
7477
8217
780
9470
4605
1418
10251
5929
4368
12532
10002
13602
4907
9841
11804
9885
6191
5707
1539
6
8136
9256
5144
3660
7293
7178
1874
41
3610
5416
13685
11791
6275
11319
6931
10717
5237
4417
10269
9475
8520
11778
8644
8213
6845
1412
4455
13181
2635
3425
3415
12017
11080
11339
6072
10115
10462
9735
4616
4184
13734
4974
10092
8098
6104
2217
9886
12819
1028
3143
11017
2158
8647
8660
2856
7065
11992
8229
11492
12213
9458
3448
3562
8917
6131
13834
13048
9557
13243
13718
7449
3829
10828
10871
8951
9435
4149
9262
10942
3842
4216
1316
5211
13629
3332
13975
2482
6325
8206
13824
1709
2400
410
1960
8898
9782
143
8733
4127
8089
4671
2219
1975
299
12219
9161
6877
2062
2468
1530
4299
11028
8638
6356
12300
3032
9919
13743
1943
4889
7543
11699
6727
8600
8459
12417
4551
8209
12699
13690
13034
11152
5466
11195
9163
2775
8912
11414
8362
5469
10736
8821
3279
6240
11155
2306
3910
9201
8682
11367
12574
4276
4009
9488
5635
6553
2665
11004
5620
11173
13248
11283
12514
5173
5772
6948
5715
2000
9509
7773
9723
2397
6878
4173
5720
5038
902
8452
10048
9856
243
6868
7201
13913
10976
11437
8097
1266
622
6184
10284
4044
12067
2756
11563
1521
13802
1415
11574
4766
7578
11880
11423
179
2008
13295
7741
13040
4054
8110
9454
9706
7692
10959
1981
11582
5611
11354
13839
539
8108
7403
9866
13699
10363
8827
2583
6593
9337
1468
3400
4895
4577
5808
4049
13647
7125
4923
3696
6761
1762
2041
4410
1700
9420
7603
7076
8050
2558
6751
7318
6914
2150
1299
4833
6701
4585
3530
5001
13335
9353
13215
11305
11784
5818
7625
2870
11156
11956
2223
9407
3423
413
3601
13448
12168
11081
304
754
5188
10426
12454
6695
10152
12839
5429
7059
12037
13937
5670
6068
5702
12196
5454
63
7846
198
6523
8235
12542
6013
8356
4013
2764
8146
11284
7988
9452
8674
5966
114
7878
12693
9716
6618
12250
7342
1928
3420
10021
12580
9799
9041
12690
10682
14066
10543
11670
3626
2848
11654
10982
9686
2889
1760
998
7888
7527
548
7790
13669
13758
8628
3792
13702
12089
2124
9522
1221
13325
7752
374
278
6245
4810
4353
11458
4164
12789
3855
14053
7727
9457
3841
3647
13163
6942
2885
6149
977
4774
7415
13991
3385
7515
9362
11678
3207
12401
11722
10635
6706
7135
3469
9277
4355
50
11398
2214
7513
11933
13872
1881
712
6486
892
61
9986
3308
13194
7787
6375
7112
7855
8440
5083
7669
12956
6947
3646
1689
6734
8195
11683
705
6852
10843
3158
7822
3391
9791
10195
7885
12600
4734
7596
6671
10025
8895
9790
3594
1606
6821
7069
10633
2864
3834
7746
14035
7494
13719
9532
13296
10141
10515
7299
11581
13770
11055
8104
10711
1081
1560
3108
1331
7045
86
6982
3584
5016
9503
13406
8399
6276
6638
1291
10926
1809
7431
10877
6753
2190
2770
996
8375
1801
6584
6227
493
6158
949
8736
530
12264
2592
7418
2016
6008
6635
550
4859
4973
252
3146
3472
3331
12951
4155
1957
9560
11422
13119
5447
4581
3581
4494
6544
13329
5218
5811
924
9466
9056
9864
3774
7274
8889
80
11677
9136
13224
4969
13708
2380
3980
9633
13461
11215
679
13178
9322
2324
13624
1642
3453
3486
11475
3552
8726
5978
13095
6111
6041
4124
4045
12458
644
4119
12429
2443
13766
7483
4984
11953
9135
2716
6154
9252
194
13620
1437
5948
3364
8298
11631
2973
359
17
7192
2132
13275
7531
5941
9015
12948
379
5338
7732
11788
4339
8747
527
13772
1844
9066
11119
244
8729
8727
11580
9898
931
8094
3570
9932
11843
4743
8173
735
1919
8430
3141
12446
12946
4843
724
8002
11074
3109
4958
2070
13871
13711
9653
2413
8470
610
5103
2575
249
10180
9315
9440
12604
8413
12398
2122
10940
9969
10880
1499
3322
5258
8015
3429
3571
762
8170
11795
11855
13959
5804
7841
8368
8930
4336
1472
4599
10367
8590
6115
11094
13683
12927
5164
275
10030
6453
128
11727
5267
9741
4099
8680
11438
10493
9555
4356
502
12165
9887
4756
12438
1580
7055
11210
8
3695
1843
6597
10139
11384
6539
5650
2101
6433
14085
5070
230
8318
11939
13899
9014
8262
10045
10420
255
14044
5765
10223
12730
3262
3094
3650
13317
859
9295
3487
2047
8264
10308
11400
2035
11131
4041
13594
3038
8438
13402
267
4512
9033
7573
4286
9403
4131
5547
12833
145
2777
10954
7892
6898
404
12352
3997
8370
3089
13511
11306
13747
7006
13841
8031
1549
1716
6223
5856
10345
9038
7077
9691
8620
2714
11673
4747
8613
11211
12059
9899
1822
670
1648
2278
3604
10254
3246
5231
8919
9946
1526
9754
13394
2860
9345
10591
3164
12356
13383
13112
13933
13658
6455
14092
122
1134
9249
8508
5096
10235
9929
10189
10756
8106
16
1537
3537
3525
11190
8581
9479
11247
8626
409
9785
12284
5823
6842
7139
1738
1884
3187
7624
2511
10855
3787
11810
423
12826
4271
5617
5796
7983
8437
4940
12650
11011
9704
7183
3500
10523
353
8699
14057
4574
6069
11127
12958
13808
5544
472
7315
1667
12110
9298
7343
9973
7595
12290
7104
10888
9529
7505
1706
10785
1445
7421
7740
853
13506
1454
10442
8284
6061
10430
6382
13858
3179
51
10589
5867
13346
1149
9903
10013
7024
3132
8815
13214
12329
1230
4288
3944
2249
3681
11062
13216
13430
330
12901
5680
6996
1730
7840
14080
7391
8793
7803
12885
1462
5554
4457
14030
489
11648
1554
3289
11632
8411
1038
1123
4293
13618
3679
10079
4930
7864
13187
9222
9144
7667
5165
596
10273
6755
2279
12357
692
9245
11584
1785
4673
4261
6066
13070
11485
10067
4452
12371
9859
5797
3328
6496
2818
10294
1702
1321
7490
7994
991
142
10778
812
6684
5460
10509
9210
1625
10378
11781
9683
10202
2741
3705
2006
10301
421
9408
8125
5641
779
12858
2573
10522
2210
13491
13122
102
12663
10113
7301
10595
10783
9219
3510
6274
4000
7072
10744
7514
4875
1793
4007
7204
11688
272
6415
13333
5590
8787
6078
14001
10881
11802
10027
9261
3557
12195
582
2319
9034
11164
2966
6495
3007
4395
1154
10266
1599
9111
10318
6748
5697
7511
7590
4232
10933
11728
6504
7990
11594
5655
1395
7492
3349
9584
1219
4206
96
11043
95
2694
2560
2444
12762
10597
13557
5177
7758
2034
13390
10944
11726
3518
5763
9739
10841
8297
6642
13185
4538
4591
12746
4547
8454
13182
11227
4781
8563
451
7650
7568
9670
4967
12685
1828
7089
8678
13756
10719
12873
2292
12611
5189
7995
6510
2577
9489
5863
6675
11430
225
5109
2552
4002
7349
3305
12531
9085
6359
3258
7936
1413
8807
10209
12369
3847
12353
3824
12220
967
1398
4475
8293
970
10689
4952
10238
7412
10593
11110
515
6450
6145
11290
2654
11867
8694
9571
5306
3853
2329
10148
8245
10564
1381
1644
6786
2370
7304
12308
6263
9283
1171
9542
1008
986
4847
2082
693
10808
3363
10734
1969
6339
11645
7043
2136
4159
7845
2166
8393
10404
8076
7656
11405
10800
1678
5127
7685
2853
12315
9540
5646
3052
2507
6910
2458
10540
310
5906
7152
746
8107
3079
5124
9577
2519
11932
12024
5305
1101
2826
2755
511
8801
9119
2520
10699
9645
12011
12651
7185
3878
4912
3863
7147
13908
10977
7176
13956
7589
4078
6679
10748
4459
5316
3694
9687
6193
11877
12140
9589
2673
5029
7390
1565
10434
3859
7312
12146
4864
9874
4970
11258
5289
10438
11078
14017
4070
1458
3259
12815
8566
13617
2634
3080
8861
11821
9808
6035
3260
2099
10911
1333
9027
10246
819
7701
2063
990
2688
12432
4269
6800
13864
4784
11396
9181
12754
2563
6320
2202
1131
6054
5546
14011
5676
2245
12340
11822
5439
4422
7067
11450
3200
930
10561
3857
11006
5522
13556
1031
3909
12641
7257
1899
556
1474
5696
10579
4705
3884
11608
9598
7357
9391
9851
7261
6313
2882
8942
6936
3309
11177
11256
3154
6909
7245
3735
8148
13265
400
11056
7469
5854
10833
5713
4273
12935
14026
560
4823
10184
13161
3672
1375
3041
308
2767
6542
3447
6302
5860
2017
3798
12950
7392
6702
4776
8973
12158
384
11486
8422
1199
11510
10519
522
6756
5607
13599
6610
5668
7916
13967
10470
3264
11591
6941
5260
9875
9288
10791
454
12312
9621
8968
9998
8120
7009
10609
3761
9398
10043
9057
8113
6650
6570
12879
8198
9649
311
12187
7731
9297
7668
2663
1363
1739
1596
13501
1355
9383
10435
4141
8101
6609
12194
13037
589
696
9802
9046
293
4384
7706
6113
4169
12019
8093
6703
8598
8671
4780
7108
1343
13196
10347
4579
389
2922
4072
4430
8627
1341
939
10270
563
10916
9878
564
9465
9773
3974
11068
1890
12455
2996
862
13885
11287
1350
9263
9393
9234
6594
3403
6326
7438
12151
3676
6957
11217
13151
3634
4565
8189
13833
5122
12545
3227
3201
10732
10596
8314
13917
5239
6754
4623
9685
6388
2994
2990
9162
12547
7552
9636
6831
955
5864
7902
2227
7799
9278
6707
2718
7046
6970
2107
10265
1666
10303
8633
1701
5115
6114
11184
10077
2314
13537
13639
13438
5626
13010
1973
12590
5994
12701
10912
4982
5357
935
2014
8236
7151
486
13076
11846
7365
11562
4280
2846
1970
1898
62
4393
9195
8115
1687
106
12010
6151
9606
5563
2189
64
2212
945
1091
10844
12747
1980
7291
8550
6218
594
4806
7938
4362
7253
7270
5470
4523
12269
9356
2395
1630
5647
4995
11941
10199
10074
10712
4959
533
7251
8044
12557
1615
7690
5312
6180
736
7956
5444
6280
2410
1108
13363
11965
11359
3925
8708
13894
8854
6254
12496
5725
1336
8640
11369
5517
6789
8759
2301
4302
9188
5976
6742
6460
10516
13790
2874
3868
11747
11921
9778
7385
1683
12
3326
8661
10174
12678
13103
8706
4374
9654
9784
3947
2224
3934
10584
3987
11910
8179
10413
5328
5168
4609
12884
6307
13068
8631
3285
12144
590
6033
5349
5285
6029
3856
10286
1575
11280
1453
14013
11135
5991
2415
7519
11465
8325
2873
7292
7305
10610
75
4762
1627
13105
12644
7258
13052
11857
4101
2186
2103
8256
9292
10873
9109
3659
599
3860
4822
8910
8737
85
2627
1569
1403
9047
11236
8554
13519
881
1765
4235
81
4348
4829
2545
5477
10850
5795
3056
4796
3811
5155
7618
7627
13682
10076
4499
3170
13799
5128
603
5623
12000
13246
9127
1264
10118
7070
1927
2098
6798
13160
4589
1369
9074
7950
864
13252
5981
903
7040
9401
2668
722
8428
3010
11114
1786
13074
6443
1935
7863
4343
4798
12862
2452
13890
7932
5238
5892
4917
3821
11147
2221
2197
8837
10069
5354
3099
6710
11331
1942
12181
3193
13941
2652
4977
1128
11587
7461
3018
8052
9519
3252
7998
8186
4697
13970
12957
1139
9206
11680
2025
13002
3564
4217
10831
5523
5673
4853
8939
11393
5802
9264
12520
5869
7922
710
12610
9667
13726
6110
11585
10803
12350
2649
159
6440
888
1348
10647
1986
3592
5352
7498
10285
4882
8461
7228
6519
2181
6980
4685
2534
6350
376
7540
2010
7159
1032
12756
11925
10661
8841
4192
4634
4035
7689
11240
2139
6413
6906
13130
9204
10061
9361
10920
13987
13793
9977
2893
7083
3231
8176
8451
6205
10552
13314
8927
11629
4104
6139
136
11014
8022
2251
8642
624
10241
1451
3640
8247
2341
11797
1566
8023
11704
9275
12548
11144
676
7755
4953
6806
1172
3107
6833
9650
838
6696
10993
4373
4438
5055
2929
11000
9714
9113
7919
14029
6575
13609
12420
12497
7062
3986
13985
7195
8056
5456
10208
8130
11191
8007
1784
1027
1612
4320
3731
10521
7399
13960
2194
4730
12633
7246
849
2416
2273
13665
10409
1213
3684
191
1025
1704
9657
7404
2175
12185
7138
477
3432
3281
9145
898
11274
12188
3124
13825
13116
7678
1771
11671
6730
1327
6134
13728
4305
4497
10296
12276
8594
3578
5927
4594
8421
2543
11852
4533
787
5422
3059
1686
8026
3039
8617
1055
1118
5297
10908
13260
10390
3171
4227
579
12349
6373
1742
6498
13351
4928
10739
9536
12467
12594
4626
500
1284
2043
13323
12411
1795
6249
2116
10549
8383
7200
856
13570
8378
382
2169
8591
1982
8983
10738
9029
12248
4976
5418
814
3152
13061
4663
4266
6164
616
6885
13474
6810
10720
4277
1654
6393
4922
3050
9122
13916
5314
2868
6938
4839
12648
620
10663
13077
11436
13334
8381
11389
10261
3591
10706
12991
3894
3361
3288
3022
2265
13165
7128
10289
3016
13982
3350
6737
7047
7599
3312
10024
3933
532
4102
2621
8953
5687
11242
7033
12628
509
8599
4527
1948
209
1912
503
3582
9751
12363
3669
6630
10059
12164
5945
8427
6826
5278
5742
11658
13117
6861
13608
1972
12383
4289
6717
7225
4354
2163
2453
776
11262
12205
11534
2281
2146
3112
4043
9860
1430
12389
12466
1059
10475
14023
12266
5982
11859
3923
968
6835
323
11382
5325
2949
11666
10897
12161
4872
5825
10990
540
8474
7725
5656
6743
12674
10530
925
10140
4409
13009
3806
7797
4086
12123
13860
6840
13612
507
5004
7233
6778
12684
8328
1256
10447
11489
2899
3879
3428
11870
5708
10957
12578
9176
6832
4701
4768
7903
4465
10459
1470
5084
8403
1555
3630
12069
2074
6036
10528
3513
12853
3724
7220
8814
2059
8658
160
30
3424
9186
8346
3524
6849
11987
3283
9500
11416
7308
13938
3737
10630
2472
4751
9370
9287
6525
10670
3541
3242
6206
1433
4966
1132
10350
12617
13162
6896
10384
4617
6863
7976
12229
5610
7826
5302
5176
2950
8653
13915
2401
3232
37
8959
4573
8447
12785
10049
233
2392
10674
13227
13268
475
12640
2790
13831
8292
4631
8742
3905
4020
7123
1340
5640
5837
9078
8344
7778
3858
1423
8212
5586
12255
2566
4653
4557
7735
8458
6140
6897
7331
6880
8162
4029
10542
3532
5843
1349
8977
11915
12955
3402
8798
699
211
5833
5005
72
7434
4140
5548
3912
3531
12581
5909
10220
12961
1442
4674
10414
6939
3300
11406
1044
3020
13301
5594
8517
3182
11900
2923
3485
1587
9342
6303
5445
5999
6752
11979
2626
12980
4388
3249
9426
5605
11003
10379
5699
3639
14042
7495
5971
9793
1486
8334
8183
8030
11930
6875
869
525
8040
10126
2312
10119
5851
2240
13399
2824
8331
3235
135
1439
6092
10262
11881
13080
7031
13231
13
9665
2862
9448
10307
8241
12696
9865
2834
4313
6530
7092
12474
7730
2080
263
1459
3069
8171
3886
4303
1466
10883
9553
11255
13444
8883
3393
12835
3254
1448
5952
9223
10913
10399
5175
1542
9080
150
9987
13486
4699
5241
2538
791
11394
13470
8338
11644
2736
2147
13322
5264
4105
3793
3764
5032
6107
4315
3119
8231
12627
11490
10616
4487
918
6788
2691
4093
1279
5734
11856
13515
6867
12790
8482
10190
1072
12489
6001
11327
867
2532
6658
1559
6809
13271
6058
13343
2293
9632
6187
11159
2660
7935
1200
11402
6399
12217
9651
13053
1561
10234
12816
12642
4778
10149
2192
3984
3078
11558
13469
836
13454
3057
12166
11264
9872
8047
13274
2140
5158
11289
5475
458
3749
10969
9309
2176
6783
3217
8526
8260
283
12900
5275
2142
2133
6723
12426
7509
7326
7262
2076
6678
1802
5324
12054
3791
1911
1456
11370
10541
7015
1217
10154
4254
3951
13413
8832
13920
1460
8343
8551
4057
369
12807
5424
4750
4693
7859
4725
1564
5369
9758
7534
9953
5089
13054
11774
960
5601
2509
9798
9688
1878
4429
13357
3504
10510
9965
12292
10845
3567
6726
9158
18
10330
6526
13135
8335
1741
7771
7962
7909
6316
9389
9675
4162
13763
2723
8361
10970
8488
12225
3624
8039
6059
966
832
2318
866
7622
743
12710
163
8899
4118
13761
12262
1267
6745
8779
7052
9708
6685
13619
11453
4056
8655
11702
8037
882
8752
6874
5030
7906
10518
4769
4960
664
12932
520
13484
4492
7374
8234
7705
4460
10737
2674
1370
10403
7378
9280
8623
7930
12749
2905
13781
13460
13873
2679
13773
3105
11598
3699
4632
2579
13945
11755
13540
7968
3026
9323
12359
11467
9810
8992
13992
2749
5562
7959
14068
9596
7382
9463
2861
11257
12328
8773
1443
12714
12189
11383
10512
7880
11899
2242
8388
11519
9619
13416
11743
12279
6556
12085
3698
9760
10090
5222
3159
937
7827
12794
12060
448
5717
1248
12736
5658
9306
12053
3437
462
9143
3129
8224
9928
8720
13664
2791
11132
12694
5149
12934
3096
1208
3468
11124
2138
7106
2308
8853
12636
12034
11875
728
2481
10971
2180
13993
6617
336
3902
2806
2839
12273
11231
12681
4716
11451
6390
8981
2782
2720
9604
13089
8580
13811
12972
5076
6417
59
3796
5771
9022
11641
4972
6309
9730
8610
3145
6361
2869
10315
12857
10538
1075
7858
5436
10935
1303
6987
7084
480
13003
5051
9833
6376
5493
12993
3674
6637
11350
1923
803
7873
2774
1626
10973
1991
7226
6829
6449
11917
7659
3800
785
6972
11429
2108
9732
12758
5105
6950
5063
12245
10096
12378
10178
6732
1707
11448
5805
4545
1553
5934
671
1271
3875
13687
769
4904
555
6612
8957
8485
125
4085
5224
9926
3148
4532
8329
6181
635
53
10204
3982
327
8656
57
4651
11525
13955
10463
10011
8001
6250
14022
1386
3830
7707
8254
12933
1020
12897
2726
2356
8618
5315
12585
5838
10611
4396
6961
4137
1436
10093
13426
12013
5716
12593
7048
13298
12241
13478
3397
751
11832
9674
7665
8692
758
10216
3783
607
2302
13663
9984
8971
1300
11253
3353
260
2661
5836
5087
3655
4655
4849
6654
11549
4814
8935
7610
8193
8894
6926
4082
13961
6259
521
8492
8386
5406
3688
11713
5506
11786
4680
9880
12120
10559
2938
7080
2126
4378
7537
7861
6993
6881
9728
13344
6791
11603
874
11903
2817
10824
8500
11084
127
11982
4590
4877
12537
2891
6794
10722
8782
1332
11514
12309
165
4203
12056
5274
2713
1257
6515
11237
7549
1477
4624
7869
9699
4552
10750
6144
8320
8268
2119
3890
10188
7340
7569
3607
9451
7127
1924
4873
5723
13226
3435
1367
7554
13859
3849
11288
12883
5261
13422
6348
3178
1501
7298
964
10358
12486
9373
11301
5298
7877
5008
12938
6168
11656
6225
14062
13607
9910
1410
4809
2740
430
9184
6123
4407
4684
9980
11248
10974
8112
9556
3939
2031
5375
1150
5757
4116
6042
12424
7219
10731
7284
294
9443
13290
9803
5441
12142
14020
5629
8698
655
7884
5126
12700
7056
6030
10562
1164
395
9824
5075
130
5692
13213
13141
1239
1432
4515
1265
9771
261
10921
3095
13072
1939
7352
2134
13170
3498
6419
4801
4899
1528
6719
13722
1273
55
3343
5409
1318
19
11717
1933
7709
11092
10882
334
1985
3914
2368
13355
11261
4828
948
10277
12449
9253
11764
4542
10297
11597
6681
12388
3703
12169
1467
12150
239
8123
8282
4524
1185
4723
9031
8890
8540
13310
10137
11845
6653
2207
7118
10098
2315
8010
2117
13713
4871
7606
1163
10476
7982
9585
10662
13623
13555
6716
1750
7542
13634
4883
12202
6408
11643
1947
13868
2533
10161
12214
5182
12739
12274
5962
9291
7156
3272
13688
5
1084
1851
2148
2083
588
8238
2357
2310
3658
5031
7521
11746
8042
11700
445
13379
9534
5419
9053
3081
8088
7452
4920
9310
4893
13016
12999
11151
12982
197
13259
10231
13998
12554
9254
12268
13292
12153
154
2821
7920
1092
6169
4535
2907
3692
5042
1664
4405
11087
11481
5622
2493
9787
2333
12976
297
15
2097
11185
10774
1774
6669
3962
11420
6820
8359
8689
3213
10937
7575
13347
3988
13653
11568
2614
747
7674
1867
4528
6260
2350
4249
8364
715
12586
13462
8513
3820
13283
12045
12077
4224
3033
4726
11216
2033
10256
1338
10360
10214
11695
8270
11335
1225
5413
7014
1393
4322
10694
7806
3334
2367
13030
6978
2931
7791
11171
3347
634
10068
4558
8208
6392
839
4063
9198
5400
2602
8925
12527
5502
4856
1024
13218
5317
2887
13531
6825
10473
581
662
1315
2789
4947
10485
7696
772
3555
9173
6182
7427
12672
10252
2407
4107
12373
7098
13293
12138
1745
3126
4008
11057
12070
1042
1504
11975
6777
10031
9050
9602
1062
514
13550
8615
8384
5210
11812
12384
1098
10996
391
13925
1392
12620
9368
4506
6573
4724
2004
10424
10575
5482
8629
11820
782
8996
2642
5980
5986
5363
3520
13282
11739
12381
12325
10455
5272
13352
12619
9148
11736
595
6427
8255
8704
11532
10915
13356
10461
11357
5171
5584
13657
13446
880
663
7373
1490
822
12197
11401
2209
9010
1670
2933
4516
2359
8081
2838
5366
7081
10764
3104
1377
10313
13670
3722
1799
11071
11830
5480
4419
12516
8772
10386
9869
9169
9566
12386
14078
979
10022
4495
5193
3076
185
12249
11376
6746
13306
12868
7934
13988
11721
993
8859
4182
1632
9379
1747
12782
158
1194
9255
7474
13193
12049
2766
12919
7306
13005
5737
4301
2371
483
973
658
12445
1605
161
3166
7957
12872
13591
1616
469
10196
13198
5735
12916
11793
7409
873
1073
9436
13039
6782
2951
8371
7927
11202
12174
11073
13385
11863
3211
9040
570
9777
5021
12888
12137
496
12372
5184
10368
9496
7769
4006
9425
1049
8662
3637
9518
9055
5935
2027
6067
7616
1449
5788
7645
1877
12075
13111
8592
12519
8092
7784
11720
3446
7234
5809
1694
2162
13755
9985
13375
9202
8510
13082
9772
8876
1214
1126
5398
10547
39
6329
4793
2903
894
9626
6122
8679
5174
12226
643
5781
10795
10072
8505
5495
4737
3832
11269
4316
9655
2960
3225
5199
7782
3744
14019
5917
11441
7199
1767
5512
7099
5440
11572
1623
13120
2502
6161
3871
3752
11134
14007
6614
10207
1090
7607
4191
950
7169
40
7491
3106
7360
1887
7670
4097
821
9510
13553
2816
9170
682
12614
3670
3929
12282
11744
13867
2746
7929
2104
7030
9082
2618
1846
5130
7085
9816
8350
5891
2709
9578
10820
7425
6963
756
83
1100
4757
2669
10986
13544
9681
9896
1590
8139
4848
5916
8358
1866
1966
11527
8103
3529
7437
1039
13786
8294
6166
7395
5624
12155
1524
2056
6130
987
5047
13207
1220
8948
9680
8766
9765
8187
8025
12253
13114
8237
292
4018
9543
5384
9776
11368
3977
5108
9829
3516
5780
8069
5254
2446
10391
7075
962
10419
786
3194
9900
7465
7458
9770
13845
11706
6321
2983
12370
8602
1505
13365
4894
5637
8074
13316
8713
6357
7486
13455
4564
4799
12731
5486
13796
11060
4652
8398
5729
8111
14069
12145
11952
9838
6927
11064
4437
7194
9375
131
5478
12087
13373
6086
9102
11381
9207
1871
2598
3983
4120
13856
11973
9890
3138
4423
3580
13232
6403
5862
7356
4023
7410
7289
1012
12753
10884
2382
2222
2114
7558
13131
3316
9191
5018
10551
1119
3195
8128
3268
11988
1190
1950
4188
8597
4468
4087
11834
2867
11200
8857
14067
2967
9243
8924
1099
2639
994
6964
1790
4241
11927
5368
3613
11197
11343
7243
5985
4389
4491
5394
2298
8227
4236
11657
3971
1735
12812
9789
10054
2348
13622
8018
10836
7702
835
3678
6468
8961
2125
12728
6400
2376
1842
13220
6420
2739
10780
10742
8596
8226
346
2127
9344
4544
13587
7276
7450
5799
4754
7240
11639
7129
538
4471
7951
10109
7883
7579
6064
2215
545
7637
10302
5372
6127
9421
7844
10623
8072
1829
11005
2878
8105
12583
3716
6425
9764
11630
6625
2255
13889
8896
4500
10672
4865
4554
12073
3359
11961
1594
9783
11758
2761
13891
3535
11254
14088
1352
4604
12477
9023
7329
6750
13823
7944
626
4168
1235
11117
10592
10848
11279
9123
10545
7087
8524
12505
3911
5724
8028
8933
12676
6152
2244
10319
13694
1619
14045
1641
11251
11947
1688
8937
5442
840
9392
13887
10667
4347
11061
1768
11948
9229
9166
7097
14037
5430
2827
7891
11605
6802
9623
11478
4888
7802
2320
8573
12074
8516
7012
11457
8650
12613
13904
1684
9970
5294
653
5992
8296
10355
8665
10864
1541
11109
4505
4553
2604
13936
319
4039
6023
547
3808
4562
9418
10939
4507
12947
9075
1518
7237
6462
11959
1836
4770
7384
2725
4752
8460
8090
88
7738
9394
5740
1621
13388
6020
4738
6960
10465
12565
10581
11498
13715
280
5086
12906
2700
9464
4267
2405
8724
2912
5776
7525
1189
2247
6674
13004
10809
10236
4767
8244
9767
12799
2246
12156
11752
7631
10548
11447
5832
11316
9894
5145
13209
426
2610
3323
9180
10634
2211
4642
5093
4640
133
9800
12834
6016
8723
2703
12463
2381
1818
13842
6484
942
8290
4250
8503
7320
6212
12277
2129
9544
11760
9629
1814
8221
11188
9750
8446
12076
5816
407
12912
936
1469
1484
6220
437
13707
1657
4662
10580
6959
2433
2111
4939
11724
8813
8568
1496
5263
7974
8774
3451
11222
11317
12783
4239
11183
10361
5287
13977
2473
60
7213
6645
5214
7088
3137
7774
11108
5785
4463
2666
10895
1247
10890
3394
3113
5202
9438
9742
5848
677
4484
5701
12874
7679
4214
4375
1196
5958
1998
8784
10346
7811
1838
5359
9559
14089
10894
1673
1421
3352
13118
9325
11808
4548
11888
13257
13171
4068
2678
553
6199
8034
1900
13516
4300
8357
1520
9402
5350
2822
911
13621
7455
10716
4178
7546
13098
9603
3168
1385
9212
12094
11996
7586
11299
2942
5760
6108
11955
6286
10644
2442
2765
3833
8838
2445
7487
6848
1446
4827
12457
12469
12306
5507
8651
5732
11230
6887
625
9579
13571
13244
11201
9265
2759
13532
12552
4945
10886
2248
1160
5311
8263
13331
3184
8416
12257
7893
1681
4447
6331
10056
729
3583
13411
1280
1961
7642
13047
12235
4197
2596
9547
3005
12041
10325
13847
2655
8495
7484
5054
10685
10247
13742
7396
6060
13488
9308
13628
1863
4416
9684
3950
13397
10150
6052
13327
8845
3765
6467
11748
314
956
3502
11364
668
1588
13366
7429
6919
841
9477
10818
1383
10517
3042
5242
3186
3615
457
13280
2619
13633
13307
5091
5300
10491
8950
1639
3088
10979
6729
11454
6563
10460
4692
8415
13029
9748
5169
11842
3966
4841
12183
6057
11101
11742
13705
2958
1083
3654
4483
10817
11946
12259
335
3053
13368
4181
13299
12478
12887
5259
5499
10244
10767
8434
6977
11662
6333
3677
5341
4333
9806
418
13085
13771
4059
11687
7058
5585
11270
7242
13737
957
7502
10619
1705
4838
3653
2879
10811
342
9120
10194
9848
3845
2365
7577
6646
9945
7966
242
909
265
4327
3357
2464
3885
4687
845
7091
3091
10948
11051
4938
6882
6343
5388
9908
7079
5602
6999
12896
3648
12861
7792
1651
8740
4114
9155
5829
10752
2693
11355
8998
9978
12186
12687
7121
11153
10268
7829
6814
2505
5039
3125
2647
6102
6141
593
13788
11794
9936
5510
1152
6442
7866
13552
5116
10918
2963
9272
13337
228
2323
10726
6463
12319
7675
11483
6632
5072
5147
3387
7297
7444
2049
1870
3753
1048
6994
2050
5705
7447
10227
8502
13291
2500
5391
914
12608
9110
7187
9476
8701
13543
5497
1308
1770
207
9710
12380
12431
4826
4788
8450
6550
10835
7562
5961
289
13477
11991
6452
10134
13302
2648
3366
12027
13456
5503
1744
234
4937
9456
13019
11010
3969
13649
792
4344
6105
1339
6512
6194
8812
3218
4819
6774
2200
12307
13698
753
1791
2282
13777
3160
6903
2068
10116
12836
2656
1325
11649
4878
10453
3795
12727
152
9338
422
5141
14051
2932
3843
12742
2896
12732
9386
3206
8819
6073
7216
1387
7939
8417
1902
8493
6615
5924
11561
12101
3608
13712
4570
4807
12679
8271
6243
5841
10440
8009
8587
11048
12106
4635
1040
8286
6143
1937
14075
7316
10123
6767
4129
10949
13367
4929
5135
7163
6075
6229
210
11566
11278
3303
6823
2340
1954
6412
7593
1492
2754
6270
8622
10903
601
3732
2625
6281
1058
11701
11590
2934
1558
5279
10573
8448
357
7451
10927
1810
2409
4897
1298
6566
14073
4905
5638
11837
10503
2002
2160
12821
118
13592
1034
10520
9744
3074
12103
7168
13094
10314
7560
7520
883
1080
206
11964
13562
7757
7726
7230
7756
13063
3196
8799
11542
456
10790
247
2451
5901
654
11606
7148
9671
7210
7572
1001
10408
7053
9099
5633
11022
3768
12382
5527
7337
10708
5894
6975
639
12931
3219
6050
2664
8382
1335
12260
8036
13084
11967
3346
12285
11691
5233
4735
12967
3233
11007
1274
7467
6733
11019
8846
11766
7895
13865
14072
13359
4612
13783
4064
2561
9523
8676
3475
12563
10868
12573
6265
13874
11148
4420
10228
790
10544
9756
3599
8280
2343
9006
7441
4193
11273
10972
10381
8562
6336
5148
4504
4501
6088
4771
13700
10511
4790
12201
11149
12915
8192
12718
12800
11374
3358
6579
12451
11686
7646
13400
1778
6098
8305
8605
7111
5132
13830
5560
6917
5276
9388
3517
4618
2266
1121
1311
300
6873
328
7737
6776
7703
4844
2046
5653
768
7177
216
11462
3330
1334
4933
7617
1344
921
7388
8013
8850
12567
9364
7344
3928
9725
3086
2479
4486
10626
11763
9935
12605
470
11388
13062
9343
10860
651
11020
6693
8057
9955
2644
5933
13980
5269
2526
2316
11733
8980
1825
9485
7407
11659
4180
6327
2513
463
7249
9846
10428
6657
5787
11785
11474
13759
7798
12298
685
891
2866
2850
3156
818
13407
1669
8785
7954
727
9815
9334
11940
6631
444
8132
2437
10508
12179
13408
767
9830
9640
695
12688
608
2757
1522
5152
10632
1862
1816
2232
12529
10754
12410
10998
8586
12911
9664
3111
8248
4664
2632
9930
6797
5077
1573
10417
12797
4310
11175
3315
7733
5472
13610
11602
6196
6952
2235
2930
2692
14071
4424
13272
1792
14065
12997
3931
5667
0
642
1312
2005
4251
11920
9086
7947
1551
4860
8833
7551
10041
8606
4323
12286
5288
9366
11118
11840
6324
9363
12965
8436
2987
10321
2064
9948
10130
6043
9267
4502
6667
166
12139
240
7823
1944
3290
10400
2587
766
12342
9515
8571
4275
4415
13184
3455
11757
9003
3114
2414
5678
13514
12182
7824
3906
14091
8068
2489
12806
6779
11018
1207
6437
5448
9193
10009
2396
8210
6202
13854
13493
2732
344
7671
4401
9494
5581
5185
2914
4607
8160
10749
11716
2569
972
9270
4795
7809
5587
6200
1926
10797
11906
6857
7907
9698
4627
4341
11835
6851
12464
3759
12780
8487
9805
6053
5865
3061
9385
2585
3173
535
494
8964
9140
8901
3967
14093
7049
10431
8479
8252
6465
2361
9915
4187
13528
6494
13110
5053
7165
3644
2898
11160
8868
12162
190
6787
10357
12046
11667
734
8712
10787
5761
2019
11332
13637
11861
893
11634
1604
1209
7657
8928
4113
12890
2884
10823
3383
906
6051
5044
3489
31
10554
1326
12767
3553
9617
2799
4036
1682
9286
4398
13585
7381
3751
7856
11042
3955
13611
9957
11913
4478
5208
11029
3872
8473
755
8333
2476
11122
11524
13435
889
7130
13957
5974
7149
10641
11897
10746
13221
5307
13023
3784
139
5578
959
9951
5942
3488
10146
788
10980
5074
10186
8545
12555
2057
4587
3228
3373
6889
8711
5380
7217
2961
7518
8867
305
1068
3973
640
10165
10910
2805
13241
6211
2095
7598
10037
10306
12795
870
8834
7336
6099
4679
6817
5516
5902
13415
1151
2351
6557
2872
14070
13021
8324
12622
9593
4081
9153
13932
5059
2999
11209
1405
11464
162
5521
5700
2277
3000
5035
8514
4563
13735
10091
13242
8734
5535
10718
1401
10469
3410
2955
6228
5270
636
11065
11326
13279
2677
3335
2702
5337
9289
6850
1509
12203
10233
8326
2706
3223
6451
7456
1061
6853
7124
8295
9026
7870
12239
1482
5682
12216
10857
2054
2286
11415
7926
1006
2188
184
7780
2206
6257
12351
12738
11628
2803
4472
13339
614
6031
8531
9413
9867
170
11214
5028
6907
183
1781
13929
13902
8780
11698
4408
8027
5972
12810
5463
1232
3417
10665
9914
842
5855
2855
9230
12435
5542
12634
9224
3572
4682
7248
5100
5779
9382
4103
11088
10142
11931
3150
12649
12778
9185
7193
4312
6492
13133
10631
4091
3569
13262
13821
10906
2997
2184
4808
8336
11968
10763
1550
8555
12051
6473
3250
6527
3998
7137
2517
11482
3545
11823
2795
13971
2750
12551
5600
8536
1156
5768
82
5334
6771
7734
5835
2477
176
6323
10259
12246
4706
13969
4931
12697
11466
11139
2182
9480
1854
7652
7753
10416
481
6760
13097
9601
8149
3817
1888
4805
12132
2466
6623
6360
7748
7508
10341
2698
4364
7576
7221
3203
9527
10825
2758
8718
3575
6117
11309
13820
5936
6628
13389
4080
3772
4060
10028
7912
7335
11989
12119
5630
1680
5381
1858
3478
2369
3550
10156
8556
7463
4892
12566
7387
2121
3031
7358
1789
5449
12584
659
1833
13069
12666
13146
2026
9592
1471
11504
9752
816
6255
3975
1206
6157
3734
6456
4597
349
7170
6091
3579
1368
5125
10794
11918
1514
3367
3339
12921
7126
630
11233
13804
13440
10351
8408
9321
13958
1556
13249
4886
27
731
11351
262
3337
8137
5464
8908
13466
8435
13546
8781
6186
6429
6125
7507
10819
13655
10423
8768
2804
4862
11244
6299
8979
5570
8645
4425
5608
1826
4675
7526
8885
13203
6946
5741
2859
1179
9126
13797
8770
1978
10362
7028
1495
5111
7198
7160
14006
2213
11069
12768
1608
8824
5362
5794
12243
10653
11072
3269
1295
6081
8921
2385
9520
6040
905
9410
6106
4349
910
5556
6698
4963
7317
5736
5566
9922
12406
2288
7977
2296
13332
11207
10909
4290
2061
6586
3212
6718
3763
2309
11468
2291
12456
3411
1262
641
2892
10639
12712
4445
11137
12838
49
3539
13253
513
11556
4736
2449
6096
111
8443
1011
11874
9171
7008
3838
14040
12111
3880
12129
10621
7807
9549
13180
1868
2748
8341
2978
256
12125
3728
6680
4311
12889
8999
28
3103
4210
7815
1276
10904
11001
7721
13041
2745
13680
12856
10887
3836
7626
1500
2161
9718
12840
8424
214
6640
10804
6434
1322
12704
5813
1817
5628
7440
7167
6844
11445
4077
7710
3043
4647
7051
1583
2289
3496
1270
8410
12304
9672
153
10129
1806
279
431
5473
12515
723
8215
6572
9991
11169
5265
11642
6087
11707
9071
585
1351
5342
123
9093
2173
10245
12030
10370
3313
1999
549
5485
11684
11934
11002
2374
5777
10659
121
10885
13149
7386
9341
5919
9831
10166
3568
1224
6215
7662
7648
12893
9817
397
8954
5868
10700
2123
4190
4342
6601
1165
8672
5106
13173
12662
733
12118
5479
5333
7280
13849
8066
13127
11787
12482
2948
804
7600
8559
11803
7711
4309
5026
5501
13500
11735
1140
12210
3345
5996
3197
1013
420
623
1296
5722
4688
5227
9302
12326
5405
1798
12801
2880
383
11972
6834
12673
1562
8527
2536
3176
6311
9365
13000
4755
11345
11798
3689
2086
7723
1724
10299
5064
13640
698
5249
6279
1834
10681
9039
741
9502
13107
5389
10451
9858
1538
13679
5215
10481
6237
1093
2699
3009
13457
3563
11596
8281
109
5718
9018
5895
4536
6744
13459
9659
7889
8046
13471
10073
7785
6606
9581
2542
6046
541
12396
13017
12409
2342
4272
11328
6129
6090
12471
9433
11089
8019
2897
10101
3082
551
2152
3351
3511
12724
11985
8915
8683
4338
11902
8955
2261
248
9530
10858
9599
8989
13757
737
11924
11348
14090
4462
4034
12575
10905
9227
13724
5907
13320
5582
6454
2230
5849
4440
5944
4325
6562
13769
3049
9695
12668
1876
13304
257
11439
9437
13626
4204
499
11893
11433
137
1773
5591
3896
1987
2075
5417
301
7143
11990
9525
7908
9324
392
4792
1402
13154
12221
5131
3499
9024
8797
6179
13289
1567
498
4961
2404
3667
10078
1635
8914
104
2172
9116
399
9216
2257
13439
4030
12473
13266
13013
765
868
12745
5344
3060
1592
10062
7814
2681
10405
1493
9118
11520
11154
2290
9942
10457
4476
1414
6871
5711
4138
10673
7745
5631
3318
2895
10264
11054
478
6252
941
13940
12540
10847
10779
4399
2629
11090
7039
4150
2259
12228
9139
8657
975
1577
7011
13225
8202
11281
10525
4012
10200
12837
4198
11544
4386
10931
1722
5800
6374
5383
9469
5743
9934
7548
7265
2151
1617
9933
13522
9616
2003
1110
1807
12287
8549
10401
6690
8685
10221
2964
10250
4989
9432
9381
5119
221
2919
4071
2796
13905
9504
5531
9837
3144
4480
12172
6892
5704
1633
2916
7886
12079
4367
8017
7786
6567
578
10237
7244
7680
13973
12135
9587
2501
11
13395
11517
5221
1278
6214
999
8285
1832
7493
11537
321
4318
4773
11999
10153
8630
740
10950
5234
13791
11529
2469
11036
11093
2731
542
8748
7643
5588
6384
9499
8757
1464
1519
93
4213
9179
10693
3376
1148
9694
5198
3558
2337
98
6062
8866
11515
4824
12107
716
13371
13776
4996
2424
5217
7860
4760
6953
13923
3284
13815
524
7804
10437
10160
1168
274
12645
2386
861
5689
6705
3202
13492
12973
7026
9508
9183
10480
10344
7958
2102
5665
7948
7196
12971
5615
2490
12761
44
13695
5998
6458
4065
495
6338
1127
8342
1420
13877
3922
13512
4704
6872
4366
4745
3484
9807
12042
378
5644
1515
13944
6854
11565
2360
12764
12152
7050
559
3747
7561
7038
9761
6516
393
5932
2589
432
126
9737
11694
5898
11473
9968
8903
6894
7002
12945
9314
1130
13354
3317
3427
8445
11338
6807
12804
5068
9190
202
1304
12917
516
77
11443
6394
3116
4144
2915
1653
6511
11313
1840
4292
2857
8478
1976
7393
13044
3311
6813
8716
3190
10660
5017
4160
7430
1155
5866
1178
7197
12407
7894
11827
8109
5834
7574
4913
13666
2485
3338
4518
1548
7375
8576
3682
6167
12639
8354
4561
147
1811
10292
10441
6576
7641
4988
13765
12387
2802
7134
11337
536
3433
13067
5819
11228
13451
12160
5310
12324
8918
2220
7300
2252
8188
13603
13032
8764
673
9467
2094
8472
7207
3497
7510
10608
10127
10834
3953
13494
748
11180
11555
12533
5852
13921
5382
11664
7209
8608
5345
9072
1726
2258
13498
317
7018
11487
3047
7500
6355
6285
544
974
387
775
7013
2336
7339
5361
12470
4255
5408
1428
5769
13251
1640
3565
11919
5209
56
1875
11966
4156
9151
2972
10295
11942
2042
8584
2590
5010
8205
11241
8376
13230
2058
6174
2460
11021
8380
3577
4840
7960
2347
6262
9639
4352
5827
13564
4453
8949
10230
2411
11294
10709
2794
3083
4205
12227
12143
4949
6371
4282
9780
11238
7767
11460
13838
11125
377
1268
837
1746
10494
5691
9647
10012
7965
4253
35
13574
4177
11446
2480
9380
12880
3561
6288
9059
8288
10537
6780
4802
1244
1685
241
12025
7594
2264
7322
5533
12675
13526
5995
11718
3473
13613
6198
4016
12098
7278
13495
8246
12953
10057
7100
13671
4121
7615
12579
11034
1117
13217
11868
9250
12322
12963
8418
6605
4791
8407
3180
9453
10086
3296
10792
9409
1568
11052
6577
11879
10899
2800
11178
13007
13697
11024
7362
9094
2155
2491
817
6370
1259
2522
5253
774
2858
13703
852
9779
6500
2783
4602
3831
14032
8096
9966
13828
12130
3816
6554
13642
12970
10224
2275
14008
6076
4852
2562
12829
3819
7175
11885
5559
8471
1193
1394
4645
13997
29
10781
10646
2792
5663
12379
2297
8456
10275
8084
8776
9663
