726
473
735
479
466
628
538
595
686
476
427
530
559
532
626
612
521
677
656
675
567
432
560
515
464
490
708
585
478
583
460
537
589
667
414
439
741
649
580
621
676
480
709
412
657
693
500
645
638
718
508
400
617
690
664
456
634
596
416
524
495
706
558
591
586
660
426
611
481
672
418
698
588
745
635
408
728
517
737
663
555
564
504
434
566
704
619
578
600
534
494
457
488
639
547
437
448
624
689
511
451
429
653
569
641
603
674
602
436
637
625
694
615
643
549
422
715
513
678
512
654
529
428
577
514
620
670
506
697
606
720
486
717
424
519
553
582
665
730
740
575
668
546
719
545
475
423
556
441
458
666
623
449
409
702
705
415
498
463
401
632
552
543
491
533
584
404
489
662
734
483
446
518
472
492
516
526
733
539
746
736
407
581
469
605
683
590
644
636
522
731
703
452
405
431
554
421
723
680
652
444
722
561
576
413
725
601
743
509
453
471
609
542
551
505
684
467
502
599
614
430
461
648
721
688
587
507
528
503
701
716
447
691
455
531
574
681
679
523
687
525
450
440
406
487
685
655
616
562
402
707
445
713
700
747
443
661
571
403
579
563
682
592
659
630
399
742
520
462
633
669
699
712
410
598
629
692
540
541
465
618
610
565
550
548
459
744
417
607
433
642
477
732
570
442
573
568
497
696
640
711
535
468
411
594
714
510
695
499
501
604
482
470
420
435
647
419
593
613
438
398
557
658
729
474
627
622
673
527
710
485
484
572
671
646
425
651
544
496
650
727
493
738
739
454
631
724
536
597
608
