135
326
220
40
343
200
373
22
87
156
310
257
62
284
275
332
323
217
268
351
25
375
140
60
121
188
75
341
286
240
296
191
103
287
95
321
43
165
208
173
170
31
184
112
346
223
224
2
292
379
210
211
154
88
153
195
84
393
315
338
132
281
8
89
38
358
367
80
356
83
282
163
114
18
337
384
36
109
317
35
308
127
27
113
152
126
110
162
231
181
289
74
32
328
376
382
146
161
249
228
171
364
369
303
241
334
105
174
94
97
65
177
99
329
206
14
24
196
255
314
263
41
142
258
252
294
172
234
269
182
28
397
264
70
342
157
21
300
158
180
204
256
118
219
363
365
389
352
63
336
66
319
357
136
370
71
237
155
254
92
116
42
119
250
388
46
246
235
131
261
366
179
372
68
10
33
267
59
327
226
190
304
279
378
276
347
312
333
274
371
39
305
215
77
381
278
1
207
394
30
143
244
271
11
130
361
272
201
392
133
225
9
205
5
197
230
147
115
23
55
377
81
324
383
78
306
137
12
141
299
61
64
79
251
13
253
69
26
111
302
186
58
239
202
101
151
45
29
15
262
386
4
76
48
144
283
57
280
318
374
96
295
192
340
7
320
270
233
259
349
291
117
168
380
124
123
108
260
104
128
17
213
293
37
183
176
199
138
344
56
175
309
232
216
354
277
185
316
149
107
331
93
395
242
50
0
98
298
166
359
385
169
307
203
288
187
49
238
247
160
167
129
353
159
335
209
390
248
73
313
34
221
322
125
164
193
360
218
91
229
368
134
325
290
106
102
148
194
273
350
44
86
236
67
227
51
396
387
301
178
54
330
285
120
362
19
100
82
198
311
245
20
297
266
122
145
348
90
189
212
16
85
345
355
47
52
3
6
72
53
339
139
391
243
150
265
222
214
